# Experiment 0.2 -- discrete positivity of the implicit Euler
# scheme under the hypotheses of Theorem 2, for step sizes
# from h = tau down to h = tau/1024 and four delays.
tau Ndelay h minSIR maxN
0.5 1 0.5 4.81706081e-20 1.111111111
1 1 1 1.47857248e-15 1.111111111
5 1 5 9.405968847e-07 1.111111111
20 1 20 0.001193422936 1.111111111
0.5 2 0.25 2.300205916e-20 1.111111111
1 2 0.5 7.845828904e-16 1.111111111
5 2 2.5 7.952633336e-07 1.111111111
20 2 10 0.001110447462 1.111111111
0.5 4 0.125 1.573195981e-20 1.111111111
1 4 0.25 5.673926467e-16 1.111111111
5 4 1.25 7.311338446e-07 1.111111111
20 4 5 0.001063044618 1.111111111
0.5 8 0.0625 1.297593074e-20 1.111111111
1 8 0.125 4.816188797e-16 1.111111111
5 8 0.625 7.008214638e-07 1.111111111
20 8 2.5 0.001034684662 1.111111111
0.5 16 0.03125 1.177670742e-20 1.111111111
1 16 0.0625 4.435165469e-16 1.111111111
5 16 0.3125 6.860086196e-07 1.111111111
20 16 1.25 0.001020260095 1.111111111
0.5 32 0.015625 1.12174175e-20 1.111111111
1 32 0.03125 4.255607957e-16 1.111111111
5 32 0.15625 6.786650152e-07 1.111111111
20 32 0.625 0.001014506228 1.111111111
0.5 64 0.0078125 1.094734716e-20 1.111111111
1 64 0.015625 4.168449939e-16 1.111111111
5 64 0.078125 6.75004355e-07 1.111111111
20 64 0.3125 0.001012489747 1.111111111
0.5 128 0.00390625 1.081464483e-20 1.111111111
1 128 0.0078125 4.12551187e-16 1.111111111
5 128 0.0390625 6.731760577e-07 1.111111111
20 128 0.15625 0.001011767658 1.111111111
0.5 256 0.001953125 1.074886943e-20 1.111111111
1 256 0.00390625 4.10420132e-16 1.111111111
5 256 0.01953125 6.722623065e-07 1.111111111
20 256 0.078125 0.001011483045 1.111111111
0.5 512 0.0009765625 1.071612474e-20 1.111111111
1 512 0.001953125 4.093585449e-16 1.111111111
5 512 0.009765625 6.718055149e-07 1.111111111
20 512 0.0390625 0.001011359827 1.111111111
0.5 1024 0.00048828125 1.069978804e-20 1.111111111
1 1024 0.0009765625 4.088287337e-16 1.111111111
5 1024 0.0048828125 6.715771381e-07 1.111111111
20 1024 0.01953125 0.00101130293 1.111111111
