# Experiment 1e -- critical transmission rate above which
# positivity is lost, as a function of the history size, at
# tau = 1 and the realistic split (0.90,0.05,0.05).  It is
# essentially independent of the history, which is what the
# balance condition Lambda*beta <= 4 mu^2 guards against.
N0bar betacrit naive thm
1e-06 4.904084246 0.81 3.24
1.42510267e-06 4.904084246 0.81 3.24
2.030917621e-06 4.904084246 0.81 3.24
2.894266125e-06 4.904084246 0.81 3.24
4.124626383e-06 4.904084246 0.81 3.24
5.878016072e-06 4.904084246 0.81 3.24
8.376776401e-06 4.904084246 0.81 3.24
1.193776642e-05 4.904084246 0.81 3.24
1.70125428e-05 4.904084246 0.81 3.24
2.424462017e-05 4.904084246 0.81 3.24
3.455107295e-05 4.904084246 0.81 3.24
4.923882632e-05 4.904084246 0.81 3.24
7.017038287e-05 4.904084246 0.81 3.24
0.0001 4.904084246 0.81 3.24
0.000142510267 4.904084246 0.81 3.24
0.0002030917621 4.904084246 0.81 3.24
0.0002894266125 4.904084246 0.81 3.24
0.0004124626383 4.904084246 0.81 3.24
0.0005878016072 4.904084246 0.81 3.24
0.0008376776401 4.904084246 0.81 3.24
0.001193776642 4.904084246 0.81 3.24
0.00170125428 4.904084246 0.81 3.24
0.002424462017 4.904084246 0.81 3.24
0.003455107295 4.904084246 0.81 3.24
0.004923882632 4.904084246 0.81 3.24
0.007017038287 4.904084246 0.81 3.24
0.01 4.904084246 0.81 3.24
0.0142510267 4.904084246 0.81 3.24
0.02030917621 4.904084246 0.81 3.24
0.02894266125 4.904084246 0.81 3.24
0.04124626383 4.904084246 0.81 3.24
0.05878016072 4.904084246 0.81 3.24
0.08376776401 4.904084246 0.81 3.24
0.1193776642 4.904084246 0.81 3.24
0.170125428 4.95559793 0.81 3.24
0.2424462017 4.95559793 0.81 3.24
0.3455107295 5.007652725 0.81 3.24
0.4923882632 5.060254318 0.81 3.24
0.7017038287 5.113408449 0.81 3.24
1 5.060254318 0.81 3.24
