# Experiment 1c -- critical history level at tau = 100 for two
# history splits, against the analytic large-tau prediction
# beta * S0 * I0 = Lambda.  Restricted to beta <= 4 mu^2 / Lambda.
beta worst pred_worst realistic pred_realistic
0.05 8.94427191 8.94427191 21.08185107 21.08185107
0.05366296509 8.633614697 8.633614697 20.34962499 20.34962499
0.05759427644 8.333747395 8.333747395 19.64283099 19.64283099
0.06181359291 8.044295244 8.044295244 18.96058572 18.96058572
0.06634201357 7.764896499 7.764896499 18.30203657 18.30203657
0.07120218316 7.495201981 7.495201981 17.66636049 17.66636049
0.07641840538 7.234874635 7.234874635 17.05276305 17.05276305
0.0820167644 6.983589118 6.983589118 16.46047741 16.46047741
0.08802525529 6.741031383 6.741031383 15.88876334 15.88876334
0.09447392402 6.506898293 6.506898293 15.33690636 15.33690636
0.1013950177 6.280897237 6.280897237 14.80421676 14.80421676
0.1088231459 6.062745771 6.062745771 14.29002882 14.29002882
0.1167954536 5.852171257 5.852171257 13.79369994 13.79369994
0.125351807 5.64891053 5.64891053 13.31460981 13.31460981
0.1345349928 5.452709562 5.452709562 12.85215969 12.85215969
0.1443909325 5.263323151 5.263323151 12.40577164 12.40577164
0.1549689114 5.08051461 5.08051461 11.97488777 11.97488777
0.1663218256 4.904055472 4.904055472 11.5589696 11.5589696
0.1785064464 4.733725206 4.733725206 11.15749731 11.15749731
0.191583704 4.569310943 4.569310943 10.76996918 10.76996918
0.2056189924 4.410607202 4.410607202 10.39590087 10.39590087
0.2206824962 4.257415645 4.257415645 10.03482491 10.03482491
0.2368495418 4.109544819 4.109544819 9.686290029 9.686290029
0.2542009739 3.96680992 3.96680992 9.349860648 9.349860648
0.2728235597 3.829032566 3.829032566 9.02511631 9.02511631
0.2928104232 3.696040569 3.696040569 8.711651166 8.711651166
0.3142615103 3.56766772 3.56766772 8.403720594 8.40907346
0.3372840891 3.443753586 3.443753586 8.104773902 8.117005045
0.361993286 3.324143303 3.324143303 7.816238401 7.835080904
0.3885126613 3.208687388 3.208687388 7.531057548 7.562948703
0.4169748276 3.09724155 3.09724155 7.25342439 7.300268343
0.4475221123 2.989666508 2.989666508 6.985584056 7.046711537
0.4803072698 2.885827819 2.885827819 6.726806018 6.8019614
0.515494245 2.785595711 2.785595711 6.468998302 6.565712056
0.5532589935 2.688844918 2.688844918 6.22049002 6.33766825
0.593790361 2.595454525 2.595454525 5.980957987 6.117544982
0.6372910282 2.505307817 2.505307817 5.750089994 5.905067153
0.683978524 2.418292132 2.418292132 5.523274534 5.699969218
0.734086313 2.334298722 2.334298722 5.302082404 5.501994852
0.7878649637 2.253222616 2.253222616 5.089103869 5.310896638
0.8455834008 2.174962489 2.174962489 4.884046643 5.126435749
0.9075302503 2.099420534 2.099420534 4.686628311 4.948381654
0.9740152828 2.026502342 2.026502342 4.493606932 4.776511828
1.045370962 1.956116784 1.956116784 4.30522967 4.610611476
1.121954109 1.888175895 1.888175895 4.124029044 4.450473264
1.204147684 1.822594764 1.822594764 3.949740996 4.295897057
1.292362702 1.759291433 1.759291433 3.782110685 4.146689674
1.387040291 1.698186786 1.698186786 3.619092623 4.002664641
1.488653894 1.639204459 1.639204459 3.459303447 3.863641962
1.597711639 1.582270737 1.582270737 3.305709846 3.729447892
1.714758878 1.527314467 1.527314467 3.158078609 3.599914723
1.840380916 1.474266968 1.474266968 3.01618552 3.474880568
1.975205937 1.423061943 1.423061943 2.875227036 3.354189167
2.119908145 1.373635398 1.373635398 2.739648076 3.237689683
2.275211136 1.325925562 1.325925562 2.609406475 3.125236521
2.441891515 1.27987281 1.27987281 2.480753612 3.016689143
2.620782782 1.235419586 1.235419586 2.355757385 2.91191189
2.812779499 1.192510335 1.192510335 2.23354413 2.810773816
3.018841761 1.151091431 1.151091431 2.113163527 2.713148523
3.24 1.111111111 1.111111111 1.993152099 2.618914004
