# Experiment 1d -- critical history level as a function of the
# delay, at beta = 0.8, Lambda = 1, mu = 0.9, worst-case split.
# The sufficient condition is uniform in tau (horizontal line
# 'thm'); the true threshold is not.
tau crit naive thm
0.05 32.43773883 1.118033989 2.236067977
0.05794373236 28.23618767 1.118033989 2.236067977
0.0671495224 24.6224342 1.118033989 2.236067977
0.07781787908 13.97722349 1.118033989 2.236067977
0.09018116716 12.56011918 1.118033989 2.236067977
0.1045086683 11.32557825 1.118033989 2.236067977
0.1211124461 10.2756774 1.118033989 2.236067977
0.1403541432 8.603092727 1.118033989 2.236067977
0.1626528582 7.806024247 1.118033989 2.236067977
0.1884942737 6.895123249 1.118033989 2.236067977
0.2184412349 6.318919173 1.118033989 2.236067977
0.253146009 5.69845062 1.118033989 2.236067977
0.2933644919 5.183517195 1.118033989 2.236067977
0.3399726721 4.761636484 1.118033989 2.236067977
0.3939857104 4.398105685 1.118033989 2.236067977
0.4565800511 4.082581804 1.118033989 2.236067977
0.5291190457 3.800035229 1.118033989 2.236067977
0.6131826474 3.567734483 1.118033989 2.236067977
0.7106018242 3.358044716 1.118033989 2.236067977
0.8234984383 3.17633162 1.118033989 2.236067977
0.9543314621 3.01289955 1.118033989 2.236067977
1.105950536 2.871192028 1.118033989 2.236067977
1.281658038 2.746716716 1.118033989 2.236067977
1.485281006 2.639127736 1.118033989 2.236067977
1.721254502 2.547223512 1.118033989 2.236067977
1.994718204 2.469063961 1.118033989 2.236067977
2.311628355 2.405211471 1.118033989 2.236067977
2.678887494 2.35421991 1.118033989 2.236067977
3.1044948 2.315178808 1.118033989 2.236067977
3.597720316 2.286082683 1.118033989 2.236067977
4.169306862 2.265670832 1.118033989 2.236067977
4.831704019 2.252342311 1.118033989 2.236067977
5.59933929 2.24427758 1.118033989 2.236067977
6.488932344 2.239800254 1.118033989 2.236067977
7.519859181 2.237571144 1.118033989 2.236067977
8.714574155 2.236592447 1.118033989 2.236067977
10.09909905 2.236222885 1.118033989 2.236067977
11.70358985 2.236105701 1.118033989 2.236067977
13.56299356 2.236075319 1.118033989 2.236067977
15.71780937 2.236069079 1.118033989 2.236067977
18.21497079 2.2360681 1.118033989 2.236067977
21.10886785 2.236068006 1.118033989 2.236067977
24.46253178 2.236067979 1.118033989 2.236067977
28.34900789 2.236067978 1.118033989 2.236067977
32.85294652 2.236067978 1.118033989 2.236067977
38.0724468 2.236067978 1.118033989 2.236067977
44.12119336 2.236067978 1.118033989 2.236067977
51.13093239 2.236067978 1.118033989 2.236067977
59.25434123 2.236067978 1.118033989 2.236067977
68.66835379 2.236067978 1.118033989 2.236067977
79.57801427 2.236067978 1.118033989 2.236067977
92.22094321 2.236067978 1.118033989 2.236067977
106.872513 2.236067978 1.118033989 2.236067977
123.8518458 2.236067978 1.118033989 2.236067977
143.5287641 2.236067978 1.118033989 2.236067977
166.3318459 2.236067978 1.118033989 2.236067977
192.7577592 2.236067978 1.118033989 2.236067977
223.3820802 2.236067978 1.118033989 2.236067977
258.8718294 2.236067978 1.118033989 2.236067977
300 2.236067978 1.118033989 2.236067977
