# Experiment 1b -- numerically determined critical history level
# N0_bar*(beta) (bisection, worst-case split S0=I0=N0_bar/2)
# against the threshold 2 sqrt(Lambda/beta) of Theorem 2 ('thm')
# and the weaker sqrt(Lambda/beta) of the cruder estimate
# ('naive').  Lambda = 1, mu = 0.9, gamma = 0.3.
beta naive thm crit0p1 crit1 crit10
0.05 4.472135955 8.94427191 60 20.76738185 8.946976773
0.0517837293 4.394437966 8.788875932 60 20.2045315 8.791487617
0.0536310924 4.318089886 8.636179772 60 19.65921718 8.63870149
0.05554435941 4.243068263 8.486136525 60 19.12740658 8.488571374
0.05752588144 4.16935005 8.338700099 60 18.61070468 8.341051072
0.05957809344 4.096912602 8.193825204 60 18.11005065 8.19609519
0.06170351725 4.025733668 8.051467336 60 17.62489487 8.053659125
0.06390476468 3.955791382 7.911582765 60 17.15470728 7.913699051
0.0661845407 3.88706426 7.77412852 60 16.69897678 7.776171905
0.06854564679 3.819531189 7.639062377 60 16.25721049 7.641035372
0.07099098436 3.753171423 7.506342847 60 15.8272275 7.508247876
0.07352355833 3.687964579 7.375929159 60 15.40808892 7.377768563
0.07614648083 3.623890626 7.247781252 60 15.00175269 7.249557293
0.078862975 3.56092988 7.12185976 60 14.60778371 7.123574621
0.08167637898 3.499063002 6.998126004 60 14.22576239 6.999781791
0.08459014998 3.438270986 6.876541973 60 13.85528417 6.878140722
0.08760786856 3.378535159 6.757070318 60 13.49595895 6.758613994
0.090733243 3.31983717 6.63967434 60 13.14741055 6.64116484
0.09397011387 3.262158988 6.524317976 60 12.80671185 6.525757132
0.09732245877 3.205482895 6.41096579 60 12.47557308 6.41235537
0.1007943972 3.149791481 6.299582962 60 12.15433442 6.300924675
0.1043901956 3.095067638 6.190135277 60 11.84266319 6.191430771
0.1081142726 3.041294557 6.082589114 60 11.54023864 6.083839981
0.1119712045 2.988455718 5.976911436 60 11.24675145 5.978119214
0.1159657308 2.936534891 5.873069781 60 10.96190339 5.874235955
0.1201027603 2.885516125 5.77103225 60 10.68540687 5.772158252
0.1243873765 2.835383749 5.670767499 60 10.41519622 5.671854713
0.1288248447 2.786122363 5.572244727 60 10.15215043 5.573294489
0.1334206177 2.737716835 5.47543367 60 9.896793423 5.47644727
0.138180343 2.690152294 5.380304588 59.99974453 9.64887034 5.381283273
0.1431098695 2.64341413 5.286828261 58.04043791 9.408135414 5.287773232
0.1482152548 2.597487986 5.194975972 56.14989332 9.174351642 5.195888392
0.1535027727 2.552359753 5.104719506 54.32585035 8.947290467 5.105600496
0.1589789205 2.508015569 5.016031138 52.56614018 8.726731473 5.01688178
0.1646504277 2.464441812 4.928883623 50.86868491 8.512462085 4.929704963
0.1705242635 2.421625096 4.843250192 49.23149744 8.302376477 4.84404324
0.176607646 2.37955227 4.75910454 47.64037281 8.098251901 4.759870269
0.1829080507 2.338210408 4.676420816 46.05919938 7.899931633 4.677160168
0.1894332196 2.297586812 4.595173623 44.53270287 7.707226827 4.595887507
0.1961911713 2.257669001 4.515338003 43.05901278 7.519955335 4.516027295
0.2031902101 2.218444715 4.43688943 41.63632407 7.337941467 4.437554978
0.2104389367 2.179901903 4.359803807 40.262895 7.161015752 4.360446429
0.2179462587 2.142028727 4.284057454 38.93704508 6.989014714 4.28467794
0.2257214012 2.104813552 4.209627103 37.65715307 6.821780644 4.210226215
0.2337739187 2.068244945 4.13648989 36.42165514 6.65858446 4.137068364
0.2421137065 2.032311674 4.064623348 35.22904302 6.499046349 4.065181896
0.2507510127 1.997002701 3.994005401 34.07786233 6.343918527 3.994544708
0.2596964513 1.962307178 3.924614356 32.96671093 6.19306049 3.925135086
0.2689610146 1.928214448 3.856428897 31.89423742 6.046336674 3.856931689
0.2785560875 1.894714039 3.789428078 30.8591397 5.903616275 3.789913551
0.2884934605 1.861795659 3.723591318 29.86016361 5.764773074 3.724060068
0.2987853453 1.829449197 3.658898393 28.8961018 5.629685268 3.659350996
0.3094443888 1.797664715 3.59532943 27.96579254 5.498235305 3.595766442
0.3204836892 1.76643245 3.532864901 27.06811883 5.370309732 3.533286859
0.3319168121 1.735742809 3.471485618 26.2020076 5.245799039 3.471893041
0.343757807 1.705586363 3.411172726 25.36642906 5.124038336 3.411566115
0.3560212244 1.675953849 3.351907698 24.56039633 5.005101924 3.352287536
0.3687221342 1.646836165 3.293672329 23.78296533 4.889333635 3.294039083
0.3818761436 1.618224365 3.23644873 23.03323493 4.776635568 3.23680285
0.3954994169 1.590109661 3.180219322 22.31034764 4.666913208 3.180561244
0.4096086949 1.562483416 3.124966832 21.61349072 4.560075302 3.125296976
0.4242213155 1.535337144 3.070674288 20.94189818 4.456033738 3.07099306
0.4393552352 1.508662506 3.017325012 20.29485358 4.354703432 3.017632803
0.4550290513 1.482451307 2.964902615 19.6511408 4.256002211 2.965199804
0.4712620243 1.456695497 2.913390994 19.01213643 4.159850711 2.913677946
0.4880741019 1.431387163 2.862774326 18.39521662 4.066172275 2.863051393
0.5054859434 1.406518531 2.813037062 17.79962695 3.974892845 2.813304585
0.5235189452 1.382081961 2.764163923 17.22463962 3.885940878 2.764422231
0.5421952668 1.358069948 2.716139896 16.66955257 3.798820173 2.716389306
0.5615378584 1.334475114 2.668950228 16.13368865 3.713749828 2.669191047
0.581570489 1.311290212 2.622580425 15.61639488 3.630845136 2.622812948
0.6023177754 1.288508121 2.577016241 15.11704172 3.550041873 2.577240755
0.6238052126 1.26612184 2.53224368 14.63502234 3.471277977 2.53246046
0.6460592053 1.244124494 2.488248989 14.16975203 3.394493468 2.488458301
0.6691071 1.222509326 2.445018652 13.72066756 3.319630371 2.445220755
0.6929772187 1.201269695 2.402539391 13.2872266 3.246632649 2.402734532
0.717698894 1.180399078 2.360798155 12.86890729 3.175446123 2.360986574
0.7433025049 1.159891062 2.319782124 12.4652077 3.106018413 2.319964053
0.769819514 1.139739348 2.279478697 12.07564552 3.038298867 2.279654359
0.7972825064 1.119937747 2.239875493 11.6997577 2.972238502 2.240045104
0.8257252297 1.100480174 2.200960348 11.33710025 2.907789939 2.201124116
0.8551826354 1.081360653 2.162721306 10.98724809 2.844907351 2.162879433
0.8856909218 1.062573311 2.125146622 10.64979509 2.783546402 2.125299302
0.9172875787 1.044112376 2.088224753 10.3243542 2.723664196 2.088372174
0.9500114333 1.025972178 2.051944357 10.01055779 2.665219225 2.0520867
0.9839026978 1.008147144 2.016294289 9.708058327 2.608005627 2.016431729
1.019003019 0.990631799 1.981263598 9.416529261 2.552061538 1.981396304
1.05535553 0.9734207618 1.946841524 9.135666504 2.497458933 1.946969658
1.093004902 0.9565087456 1.913017491 8.865190487 2.444160366 1.913141212
1.131997399 0.9398905554 1.879781111 8.604849161 2.392129591 1.87990057
1.172380937 0.9235610862 1.847122172 8.354422353 2.341331524 1.847237516
1.214205142 0.907515322 1.815030644 8.092943268 2.291732196 1.815142015
1.257521407 0.8917483337 1.783496667 7.837734931 2.243298718 1.783604202
1.302382963 0.8762552778 1.752510556 7.591283489 2.195999239 1.752614386
1.348844936 0.8610313952 1.72206279 7.353288697 2.149802914 1.722163044
1.396964421 0.8460720092 1.692144018 7.1234609 2.104679862 1.692240819
1.446800548 0.8313725246 1.662745049 6.901520693 2.060601138 1.662838515
1.498414558 0.8169284259 1.633856852 6.687198602 2.017538696 1.633947098
1.551869877 0.802735276 1.605470552 6.480234775 1.975465361 1.60555769
1.607232193 0.7887887151 1.57757743 6.280378691 1.934354796 1.577661566
1.664569536 0.7750844589 1.550168918 6.087388887 1.894181474 1.550250156
1.723952365 0.7616182976 1.523236595 5.901032693 1.854920649 1.523315035
1.785453651 0.7483860948 1.49677219 5.721085995 1.816548329 1.496847927
1.849148971 0.7353837856 1.470767571 5.547333007 1.779041251 1.4708407
1.915116595 0.7226073759 1.445214752 5.379566065 1.742376856 1.445285362
1.983437586 0.7100529409 1.420105882 5.217585446 1.706533262 1.420174059
2.054195901 0.6977166242 1.395433248 5.061199202 1.671489245 1.395499077
2.127478489 0.6855946361 1.371189272 4.910223028 1.637224212 1.371252834
2.203375404 0.6736832531 1.347366506 4.764480153 1.603718184 1.347427878
2.281979909 0.661978816 1.323957632 4.623801278 1.570951771 1.32401689
2.363388597 0.6504777294 1.300955459 4.488024544 1.538906156 1.301012676
2.447701507 0.6391764604 1.278352921 4.356995559 1.507563071 1.278408167
2.535022245 0.6280715374 1.256143075 4.230567496 1.476904784 1.256196418
2.625458113 0.617159549 1.234319098 4.10860126 1.446914076 1.234370604
2.719120245 0.6064371434 1.212874287 3.99096578 1.417574226 1.212924018
2.816123733 0.5959010266 1.191802053 3.877538437 1.388868995 1.191850072
2.916587782 0.5855479623 1.171095925 3.76820569 1.360782609 1.171142289
3.020635843 0.57537477 1.15074954 3.66286397 1.333299743 1.150794307
3.128395776 0.5653783246 1.130756649 3.561420964 1.306405508 1.130799874
3.24 0.5555555556 1.111111111 3.463797461 1.280085434 1.111152847
