# Experiment 2d -- delay-induced oscillations at Lambda=1,
# mu=1, beta=3.6, gamma=0.1, history (0.4,0.3,0.3).  The
# tau = 0 column approaches the endemic state monotonically.
t I0 I3 I4
0 0.3 0.3 0.3
0.265 0.3333254428 0.3233914752 0.3233914752
0.53 0.3760312022 0.3408821934 0.3408821934
0.795 0.4225276298 0.3539606853 0.3539606853
1.06 0.4676614877 0.3637399837 0.3637399837
1.325 0.5076026195 0.3710523464 0.3710523464
1.59 0.5404088891 0.3765200852 0.3765200852
1.855 0.5658522188 0.3806085266 0.3806085266
2.12 0.5847822047 0.3836656137 0.3836656137
2.385 0.5984758803 0.385951517 0.385951517
2.65 0.6082092798 0.3876607759 0.3876607759
2.915 0.6150603641 0.3889388555 0.3889388555
3.18 0.6198616673 0.3947759687 0.3898945255
3.445 0.6232238528 0.4156810632 0.3906091171
3.71 0.625581696 0.445428104 0.3911434452
3.975 0.6272397114 0.4789013659 0.3915429831
4.24 0.6284094977 0.512751332 0.4001594734
4.505 0.6292377168 0.5449282631 0.4231786397
4.77 0.6298261061 0.5742984011 0.4538128719
5.035 0.6302454383 0.6003475143 0.4873621618
5.3 0.6305451371 0.6229618434 0.5207882548
5.565 0.6307598677 0.6422719113 0.5522633559
5.83 0.63091405 0.6585447228 0.5808050984
6.095 0.6310249592 0.6721424214 0.6059977509
6.36 0.6311048628 0.6844689393 0.6277879604
6.625 0.6311625024 0.6967617945 0.6463401692
6.89 0.6312041256 0.7082017215 0.6619375235
7.155 0.6312342091 0.7170911558 0.6749162493
7.42 0.6312559678 0.7218935698 0.6856239396
7.685 0.6312717145 0.7217346878 0.6943944786
7.95 0.6312831158 0.7164875891 0.7015342378
8.215 0.631291374 0.7066301785 0.7076124411
8.48 0.6312973575 0.69302343 0.7143446272
8.745 0.6313016939 0.6766984993 0.7218400769
9.01 0.6313048373 0.6586921422 0.7285765896
9.275 0.6313071162 0.6398776901 0.7326975423
9.54 0.6313087687 0.62053059 0.7328137192
9.805 0.631309967 0.6006230532 0.7282945884
10.07 0.6313108361 0.5805680147 0.7192270769
10.335 0.6313114664 0.5614670773 0.7062203459
10.6 0.6313119236 0.5448988401 0.6901782233
10.865 0.6313122552 0.5324771595 0.672103492
11.13 0.6313124957 0.5254190322 0.6529575532
11.395 0.6313126702 0.5242814914 0.6335756955
11.66 0.6313127968 0.5289130972 0.6146276348
11.925 0.6313128887 0.5385768501 0.596610148
12.19 0.6313129553 0.5521637145 0.579841111
12.455 0.6313130036 0.5684560678 0.5641398351
12.72 0.6313130387 0.5863942142 0.5488571211
12.985 0.6313130641 0.6050934358 0.5337631103
13.25 0.6313130825 0.6237169032 0.5194541462
13.515 0.6313130959 0.6414393958 0.5072021712
13.78 0.6313131056 0.6575408362 0.4985112814
14.045 0.6313131127 0.6715244024 0.4946396635
14.31 0.6313131178 0.6831442742 0.4962691033
14.575 0.6313131215 0.6923187325 0.5033924028
14.84 0.6313131242 0.69899581 0.5153920212
15.105 0.6313131262 0.7030601306 0.5312326318
15.37 0.6313131276 0.7043254829 0.5496855386
15.635 0.6313131286 0.7025901495 0.5695253245
15.9 0.6313131293 0.6977021186 0.5896688907
16.165 0.6313131299 0.689625429 0.6092520195
16.43 0.6313131303 0.6785134936 0.6276745595
16.695 0.6313131306 0.6647635862 0.6446390875
16.96 0.6313131308 0.6490111231 0.6600443764
17.225 0.6313131309 0.6320538937 0.6738233296
17.49 0.631313131 0.6147463203 0.6858862475
17.755 0.6313131311 0.5979203248 0.696171342
18.02 0.6313131312 0.5823586636 0.7047066404
18.285 0.6313131312 0.5688017007 0.7115954176
18.55 0.6313131312 0.557947985 0.7169193855
18.815 0.6313131313 0.5504249285 0.7206281339
19.08 0.6313131313 0.5467318273 0.7224922008
19.345 0.6313131313 0.5471650796 0.7221497369
19.61 0.6313131313 0.551741552 0.7192204292
19.875 0.6313131313 0.5601502337 0.7134322764
20.14 0.6313131313 0.5717653024 0.7047130331
20.405 0.6313131313 0.5857296969 0.6932219338
20.67 0.6313131313 0.6010824404 0.679313345
20.935 0.6313131313 0.616885782 0.6634578183
21.2 0.6313131313 0.6323195203 0.6461835843
21.465 0.6313131313 0.6467326001 0.628055612
21.73 0.6313131313 0.6596562912 0.6096597051
21.995 0.6313131313 0.6707851346 0.5915638546
22.26 0.6313131313 0.6799315357 0.5742690057
22.525 0.6313131313 0.68696502 0.5581880585
22.79 0.6313131313 0.6917551921 0.5436770866
23.055 0.6313131313 0.6941412101 0.531102598
23.32 0.6313131313 0.6939433586 0.5208994449
23.585 0.6313131313 0.6910140642 0.5135762435
23.85 0.6313131313 0.6853067388 0.5096534764
24.115 0.6313131313 0.6769336811 0.5095542317
24.38 0.6313131313 0.666191772 0.5134897731
24.645 0.6313131313 0.6535496581 0.5213844492
24.91 0.6313131313 0.6396043041 0.5328680763
25.175 0.6313131313 0.6250240128 0.5473274834
25.44 0.6313131313 0.6104971372 0.5639856348
25.705 0.6313131313 0.596699661 0.581986548
25.97 0.6313131313 0.5842823683 0.6004796709
26.235 0.6313131313 0.5738650805 0.6186979049
26.5 0.6313131313 0.5660192752 0.6360162283
26.765 0.6313131313 0.5612265854 0.6519791455
27.03 0.6313131313 0.5598166393 0.6662973747
27.295 0.6313131313 0.5619035855 0.6788254955
27.56 0.6313131313 0.5673465824 0.6895326807
27.825 0.6313131313 0.5757524376 0.6984697682
28.09 0.6313131313 0.5865230011 0.705727888
28.355 0.6313131313 0.5989341357 0.7113856026
28.62 0.6313131313 0.6122244434 0.7154528716
28.885 0.6313131313 0.6256730851 0.7178312112
29.15 0.6313131313 0.6386540886 0.7183094734
29.415 0.6313131313 0.6506636446 0.7166026767
29.68 0.6313131313 0.6613226113 0.712425143
29.945 0.6313131313 0.6703586618 0.7055766511
30.21 0.6313131313 0.6775744016 0.6960153821
30.475 0.6313131313 0.682811489 0.6838962123
30.74 0.6313131313 0.6859242036 0.6695662624
31.005 0.6313131313 0.6867744571 0.6535247314
31.27 0.6313131313 0.6852520368 0.6363627884
31.535 0.6313131313 0.6813125832 0.6186994559
31.8 0.6313131313 0.6750179746 0.6011255313
32.065 0.6313131313 0.6665635416 0.5841647157
32.33 0.6313131313 0.6562828906 0.568259498
32.595 0.6313131313 0.6446299434 0.5537851732
32.86 0.6313131313 0.6321451756 0.5410863197
33.125 0.6313131313 0.6194167963 0.5305192436
33.39 0.6313131313 0.6070468241 0.522477903
33.655 0.6313131313 0.5956268088 0.5173842447
33.92 0.6313131313 0.5857204577 0.5156365776
34.185 0.6313131313 0.5778447807 0.5175271956
34.45 0.6313131313 0.5724415264 0.5231555666
34.715 0.6313131313 0.569837242 0.5323680473
34.98 0.6313131313 0.5701995393 0.5447460459
35.245 0.6313131313 0.573503454 0.5596467597
35.51 0.6313131313 0.579521352 0.5762835401
35.775 0.6313131313 0.5878429372 0.593823536
36.04 0.6313131313 0.5979221777 0.6114796909
36.305 0.6313131313 0.6091399831 0.6285799385
36.57 0.6313131313 0.6208683356 0.6446054449
36.835 0.6313131313 0.6325236625 0.6591990883
37.1 0.6313131313 0.6436023324 0.672152008
37.365 0.6313131313 0.653696339 0.6833776934
37.63 0.6313131313 0.6624909108 0.6928797976
37.895 0.6313131313 0.669748363 0.7007147488
38.16 0.6313131313 0.675285019 0.7069479463
38.425 0.6313131313 0.6789501945 0.7116059063
38.69 0.6313131313 0.6806162136 0.7146346349
38.955 0.6313131313 0.6801846578 0.7158803946
39.22 0.6313131313 0.6776073695 0.7151063016
39.485 0.6313131313 0.6729142989 0.7120459014
39.75 0.6313131313 0.6662374336 0.7064793535
40.015 0.6313131313 0.6578219004 0.6983080489
40.28 0.6313131313 0.6480204632 0.6876045642
40.545 0.6313131313 0.6372734046 0.6746253413
40.81 0.6313131313 0.6260798897 0.6597871058
41.075 0.6313131313 0.6149680649 0.6436182198
41.34 0.6313131313 0.6044690792 0.6266998694
41.605 0.6313131313 0.5950959329 0.6096104724
41.87 0.6313131313 0.5873238029 0.5928832794
42.135 0.6313131313 0.5815668714 0.5769840147
42.4 0.6313131313 0.5781490448 0.5623120824
42.665 0.6313131313 0.5772711908 0.5492234711
42.93 0.6313131313 0.5789826083 0.5380656004
43.195 0.6313131313 0.5831662686 0.5292069007
43.46 0.6313131313 0.5895447156 0.5230419843
43.725 0.6313131313 0.5977076275 0.519960408
43.99 0.6313131313 0.6071557088 0.5202818553
44.255 0.6313131313 0.6173514934 0.5241764926
44.52 0.6313131313 0.6277670658 0.5315979356
44.785 0.6313131313 0.6379210998 0.5422529951
45.05 0.6313131313 0.6474013219 0.5556191005
45.315 0.6313131313 0.6558720006 0.5710040968
45.58 0.6313131313 0.6630687986 0.5876311983
45.845 0.6313131313 0.6687855331 0.6047277803
46.11 0.6313131313 0.6728591064 0.6215997219
46.375 0.6313131313 0.6751593578 0.6376803107
46.64 0.6313131313 0.6755888743 0.6525511609
46.905 0.6313131313 0.6740938526 0.6659394995
47.17 0.6313131313 0.6706823999 0.6776995793
47.435 0.6313131313 0.6654434048 0.6877851708
47.7 0.6313131313 0.6585587911 0.6962164179
47.965 0.6313131313 0.6503044954 0.7030411692
48.23 0.6313131313 0.641039448 0.708291726
48.495 0.6313131313 0.6311854479 0.7119434228
48.76 0.6313131313 0.621202738 0.713887718
49.025 0.6313131313 0.6115657668 0.7139334132
49.29 0.6313131313 0.6027413879 0.7118419921
49.555 0.6313131313 0.5951688343 0.7073898762
49.82 0.6313131313 0.589238915 0.7004389673
50.085 0.6313131313 0.5852703198 0.6909935247
50.35 0.6313131313 0.58348365 0.6792273956
50.615 0.6313131313 0.5839773418 0.6654769501
50.88 0.6313131313 0.5867118814 0.6502058821
51.145 0.6313131313 0.5915081696 0.6339541762
51.41 0.6313131313 0.598062644 0.6172843883
51.675 0.6313131313 0.6059772437 0.6007360439
51.94 0.6313131313 0.6147984637 0.5847958855
52.205 0.6313131313 0.6240579941 0.5698886211
52.47 0.6313131313 0.6333080646 0.5563886185
52.735 0.6313131313 0.6421468671 0.5446466476
53 0.6313131313 0.6502322138 0.5350186452
53.265 0.6313131313 0.6572841356 0.5278794404
53.53 0.6313131313 0.66307921 0.5236073838
53.795 0.6313131313 0.6674409805 0.5225365753
54.06 0.6313131313 0.6702315558 0.524887826
54.325 0.6313131313 0.6713488148 0.530700538
54.59 0.6313131313 0.6707313454 0.5397894907
54.855 0.6313131313 0.6683699715 0.551742196
55.12 0.6313131313 0.6643218019 0.5659585048
55.385 0.6313131313 0.6587214957 0.5817211866
55.65 0.6313131313 0.6517853066 0.5982790884
55.915 0.6313131313 0.6438059081 0.6149243302
56.18 0.6313131313 0.6351388132 0.6310500596
56.445 0.6313131313 0.6261832609 0.6461827273
56.71 0.6313131313 0.6173610267 0.6599899886
56.975 0.6313131313 0.6090956839 0.6722700345
57.24 0.6313131313 0.6017930153 0.6829292052
57.505 0.6313131313 0.5958216406 0.6919525385
57.77 0.6313131313 0.5914925399 0.6993687795
58.035 0.6313131313 0.5890374028 0.7052105579
58.3 0.6313131313 0.5885879989 0.7094737339
58.565 0.6313131313 0.5901607365 0.7120855332
58.83 0.6313131313 0.5936509858 0.7128941484
59.095 0.6313131313 0.5988401488 0.7116886994
59.36 0.6313131313 0.6054154448 0.7082480779
59.625 0.6313131313 0.6129992115 0.7024055005
59.89 0.6313131313 0.6211824177 0.6941090389
60.155 0.6313131313 0.629556669 0.6834602615
60.42 0.6313131313 0.6377400947 0.6707217685
60.685 0.6313131313 0.6453944807 0.6562949998
60.95 0.6313131313 0.6522331625 0.6406775635
61.215 0.6313131313 0.6580211086 0.6244123873
61.48 0.6313131313 0.6625701164 0.6080401034
61.745 0.6313131313 0.6657329103 0.592063434
62.01 0.6313131313 0.6673998359 0.5769293609
62.275 0.6313131313 0.6675005741 0.5630312587
62.54 0.6313131313 0.6660110874 0.5507279468
62.805 0.6313131313 0.662963653 0.5403700878
63.07 0.6313131313 0.6584563185 0.5323191992
63.335 0.6313131313 0.6526580443 0.5269445024
63.6 0.6313131313 0.6458071035 0.52458995
63.865 0.6313131313 0.6382023263 0.5255161597
64.13 0.6313131313 0.6301886204 0.5298340917
64.395 0.6313131313 0.6221391943 0.537452949
64.66 0.6313131313 0.6144367763 0.5480609732
64.925 0.6313131313 0.6074551108 0.5611466085
65.19 0.6313131313 0.6015407994 0.5760544907
65.455 0.6313131313 0.5969948988 0.592061343
65.72 0.6313131313 0.5940541111 0.6084538043
65.985 0.6313131313 0.59287273 0.6245929514
66.25 0.6313131313 0.5935080199 0.6399565178
66.515 0.6313131313 0.5959124414 0.6541568853
66.78 0.6313131313 0.5999355112 0.6669385267
67.045 0.6313131313 0.6053362073 0.678161131
67.31 0.6313131313 0.6118044049 0.6877738703
67.575 0.6313131313 0.6189878076 0.6957835968
67.84 0.6313131313 0.6265198939 0.7022179784
68.105 0.6313131313 0.6340446991 0.7070860719
68.37 0.6313131313 0.6412354976 0.7103434003
68.635 0.6313131313 0.6478061158 0.711872744
68.9 0.6313131313 0.6535152833 0.711491056
69.165 0.6313131313 0.6581658219 0.7089854496
69.43 0.6313131313 0.6616014097 0.704170185
69.695 0.6313131313 0.6637038937 0.6969479133
69.96 0.6313131313 0.6643934995 0.6873567638
70.225 0.6313131313 0.6636328465 0.6755905932
70.49 0.6313131313 0.6614338848 0.661989385
70.755 0.6313131313 0.6578653983 0.6470056848
71.02 0.6313131313 0.6530581662 0.6311579385
71.285 0.6313131313 0.6472054081 0.6149823121
71.55 0.6313131313 0.6405574535 0.5989926582
71.815 0.6313131313 0.6334110742 0.5836554968
72.08 0.6313131313 0.6260950065 0.5693836425
72.345 0.6313131313 0.6189535097 0.5565477009
72.61 0.6313131313 0.6123293847 0.545498814
72.875 0.6313131313 0.6065470689 0.5365903516
73.14 0.6313131313 0.6018957849 0.5301839991
73.405 0.6313131313 0.5986127147 0.5266296513
73.67 0.6313131313 0.5968668726 0.5262185406
73.935 0.6313131313 0.5967454064 0.5291211588
74.2 0.6313131313 0.598244808 0.5353298872
74.465 0.6313131313 0.6012694163 0.5446264496
74.73 0.6313131313 0.6056385025 0.5565862575
74.995 0.6313131313 0.611101483 0.570619523
75.26 0.6313131313 0.6173590581 0.5860381949
75.525 0.6313131313 0.6240869349 0.6021321484
75.79 0.6313131313 0.6309585807 0.6182384195
76.055 0.6313131313 0.6376641007 0.6337920302
76.32 0.6313131313 0.6439235341 0.6483536243
76.585 0.6313131313 0.6494942349 0.6616152876
76.85 0.6313131313 0.6541732728 0.6733897194
77.115 0.6313131313 0.657796725 0.6835885178
77.38 0.6313131313 0.6602381713 0.692193432
77.645 0.6313131313 0.661408482 0.6992222191
77.91 0.6313131313 0.6612581105 0.7046908099
78.175 0.6313131313 0.659781793 0.7085767846
78.44 0.6313131313 0.6570242836 0.7107936076
78.705 0.6313131313 0.6530850049 0.7111864694
78.97 0.6313131313 0.6481195372 0.7095559546
79.235 0.6313131313 0.6423366304 0.7057061274
79.5 0.6313131313 0.6359905437 0.6995038706
79.765 0.6313131313 0.6293695234 0.690931683
80.03 0.6313131313 0.622781774 0.6801188529
80.295 0.6313131313 0.6165402391 0.6673440419
80.56 0.6313131313 0.6109470557 0.6530115799
80.825 0.6313131313 0.6062780381 0.6376103345
81.09 0.6313131313 0.602767356 0.6216664136
81.355 0.6313131313 0.6005928876 0.6057000449
81.62 0.6313131313 0.5998633999 0.5901945231
81.885 0.6313131313 0.6006093478 0.5755821327
82.15 0.6313131313 0.6027792298 0.5622481477
82.415 0.6313131313 0.6062428626 0.5505488436
82.68 0.6313131313 0.6108017374 0.540833695
82.945 0.6313131313 0.6162052171 0.5334581517
83.21 0.6313131313 0.6221701957 0.5287746575
83.475 0.6313131313 0.6284013415 0.5270970413
83.74 0.6313131313 0.6346092546 0.5286447458
84.005 0.6313131313 0.6405246521 0.5334834163
84.27 0.6313131313 0.6459077583 0.541482021
84.535 0.6313131313 0.6505531765 0.5523019982
84.8 0.6313131313 0.6542914151 0.5654233164
85.065 0.6313131313 0.6569887834 0.5802008533
85.33 0.6313131313 0.6585474177 0.5959367265
85.595 0.6313131313 0.6589067113 0.6119521782
85.86 0.6313131313 0.6580465081 0.6276456302
86.125 0.6313131313 0.6559913933 0.6425294625
86.39 0.6313131313 0.6528146356 0.6562444513
86.655 0.6313131313 0.6486400957 0.6685555726
86.92 0.6313131313 0.643640777 0.6793347753
87.185 0.6313131313 0.6380334582 0.6885353785
87.45 0.6313131313 0.6320696965 0.6961605475
87.715 0.6313131313 0.6260240963 0.7022273149
87.98 0.6313131313 0.6201809371 0.7067295903
88.245 0.6313131313 0.6148200762 0.7096077359
88.51 0.6313131313 0.6102026929 0.7107351714
88.775 0.6313131313 0.6065572177 0.7099304155
89.04 0.6313131313 0.6040658747 0.7069952787
89.305 0.6313131313 0.6028526615 0.7017699679
89.57 0.6313131313 0.6029740725 0.6941889568
89.835 0.6313131313 0.6044141013 0.6843211912
90.1 0.6313131313 0.6070848002 0.6723842687
90.365 0.6313131313 0.6108328883 0.658731201
90.63 0.6313131313 0.6154518258 0.6438161173
90.895 0.6313131313 0.6206977458 0.6281493137
91.16 0.6313131313 0.6263070068 0.6122523717
91.425 0.6313131313 0.6320130436 0.5966221657
91.69 0.6313131313 0.6375606305 0.5817098261
91.955 0.6313131313 0.6427164502 0.5679173514
92.22 0.6313131313 0.6472757646 0.5556100341
92.485 0.6313131313 0.6510658042 0.5451373123
92.75 0.6313131313 0.6539470763 0.5368499249
93.015 0.6313131313 0.6558139991 0.5311002925
93.28 0.6313131313 0.6565960587 0.5282179361
93.545 0.6313131313 0.656260086 0.5284616459
93.81 0.6313131313 0.6548134623 0.5319609429
94.075 0.6313131313 0.6523073461 0.5386658362
94.34 0.6313131313 0.6488386432 0.5483225979
94.605 0.6313131313 0.6445495201 0.560484886
94.87 0.6313131313 0.6396237366 0.5745581847
95.135 0.6313131313 0.6342797316 0.5898661216
95.4 0.6313131313 0.628760973 0.605722866
95.665 0.6313131313 0.6233244038 0.6214968882
95.93 0.6313131313 0.6182278309 0.6366562154
96.195 0.6313131313 0.6137169137 0.6507916142
96.46 0.6313131313 0.6100122169 0.6636196103
96.725 0.6313131313 0.6072967661 0.6749703359
96.99 0.6313131313 0.6057047546 0.6847653496
97.255 0.6313131313 0.6053123786 0.6929887392
97.52 0.6313131313 0.6061320103 0.6996531842
97.785 0.6313131313 0.6081108362 0.7047633648
98.05 0.6313131313 0.6111345985 0.7082825083
98.315 0.6313131313 0.6150362859 0.7101115314
98.58 0.6313131313 0.6196087558 0.7100903908
98.845 0.6313131313 0.6246196149 0.708025784
99.11 0.6313131313 0.629826422 0.7037400028
99.375 0.6313131313 0.6349904509 0.6971272947
99.64 0.6313131313 0.6398877757 0.6882010234
99.905 0.6313131313 0.6443171493 0.6771185578
100.17 0.6313131313 0.6481048638 0.664178876
100.435 0.6313131313 0.6511073533 0.6497963059
100.7 0.6313131313 0.6532126102 0.6344594022
100.965 0.6313131313 0.654341455 0.6186856823
101.23 0.6313131313 0.6544493467 0.6029818127
101.495 0.6313131313 0.6535288415 0.5878163862
101.76 0.6313131313 0.6516122045 0.5736093672
102.025 0.6313131313 0.6487732594 0.5607383083
102.29 0.6313131313 0.6451274724 0.5495562883
102.555 0.6313131313 0.6408295148 0.5404113032
102.82 0.6313131313 0.6360680197 0.5336541474
103.085 0.6313131313 0.6310577503 0.5296242565
103.35 0.6313131313 0.6260297575 0.5286109749
103.615 0.6313131313 0.6212202424 0.5307984848
103.88 0.6313131313 0.6168587809 0.5362111698
104.145 0.6313131313 0.613156439 0.544678135
104.41 0.6313131313 0.6102942424 0.5558299132
104.675 0.6313131313 0.608412558 0.569129903
104.94 0.6313131313 0.6076021513 0.583932628
105.205 0.6313131313 0.6078978782 0.5995544395
105.47 0.6313131313 0.6092759775 0.6153412506
105.735 0.6313131313 0.6116556366 0.6307213776
106 0.6313131313 0.6149049437 0.6452374154
106.265 0.6313131313 0.6188506393 0.6585569934
106.53 0.6313131313 0.6232904681 0.6704663632
106.795 0.6313131313 0.6280065739 0.6808520733
107.06 0.6313131313 0.632778369 0.6896748299
107.325 0.6313131313 0.6373936246 0.6969377347
107.59 0.6313131313 0.6416570537 0.7026507352
107.855 0.6313131313 0.6453962554 0.706795515
108.12 0.6313131313 0.6484654275 0.7092988943
108.385 0.6313131313 0.6507476027 0.7100246691
108.65 0.6313131313 0.6521562638 0.7087906522
108.915 0.6313131313 0.6526370145 0.7054096249
109.18 0.6313131313 0.6521695855 0.6997437112
109.445 0.6313131313 0.6507699739 0.6917562208
109.71 0.6313131313 0.6484921091 0.6815460137
109.975 0.6313131313 0.6454282542 0.6693559987
110.24 0.6313131313 0.6417074402 0.6555559486
110.505 0.6313131313 0.637491536 0.6406066724
110.77 0.6313131313 0.6329689625 0.625015812
111.035 0.6313131313 0.6283464077 0.6092953998
111.3 0.6313131313 0.6238391051 0.5939292957
111.565 0.6313131313 0.6196602746 0.5793558226
111.83 0.6313131313 0.6160102684 0.5659673872
112.095 0.6313131313 0.6130659016 0.554124214
112.36 0.6313131313 0.6109704765 0.5441739956
112.625 0.6313131313 0.609825133 0.5364653221
112.89 0.6313131313 0.609682296 0.5313429587
113.155 0.6313131313 0.6105420379 0.5291188617
113.42 0.6313131313 0.6123520078 0.5300227864
113.685 0.6313131313 0.6150111899 0.5341461764
113.95 0.6313131313 0.6183772125 0.5413978461
114.215 0.6313131313 0.6222763839 0.5514872604
114.48 0.6313131313 0.6265152478 0.5639423156
114.745 0.6313131313 0.6308923143 0.5781576987
115.01 0.6313131313 0.6352087759 0.5934616429
115.275 0.6313131313 0.639277376 0.6091857101
115.54 0.6313131313 0.6429290828 0.6247240536
115.805 0.6313131313 0.6460176882 0.6395737025
116.07 0.6313131313 0.6484228171 0.6533534527
116.335 0.6313131313 0.6500520056 0.6658038811
116.6 0.6313131313 0.6508424545 0.6767734446
116.865 0.6313131313 0.6507628211 0.6861953562
117.13 0.6313131313 0.6498150391 0.6940581279
117.395 0.6313131313 0.6480358075 0.7003715147
117.66 0.6313131313 0.6454971603 0.7051308727
117.925 0.6313131313 0.6423055085 0.7082864427
118.19 0.6313131313 0.6385987276 0.7097270599
118.455 0.6313131313 0.6345411582 0.7092868073
118.72 0.6313131313 0.6303167027 0.7067768499
118.985 0.6313131313 0.6261204263 0.7020355273
119.25 0.6313131313 0.6221491763 0.6949824638
119.515 0.6313131313 0.6185917333 0.6856608111
119.78 0.6313131313 0.6156189733 0.6742563101
120.045 0.6313131313 0.6133745221 0.661089969
120.31 0.6313131313 0.6119664462 0.6465889354
120.575 0.6313131313 0.6114606214 0.6312448513
120.84 0.6313131313 0.6118764704 0.6155700669
121.105 0.6313131313 0.6131856715 0.6000606859
121.37 0.6313131313 0.6153141783 0.5851728915
121.635 0.6313131313 0.6181474785 0.5713158175
121.9 0.6313131313 0.6215385634 0.558860074
122.165 0.6313131313 0.6253176983 0.5481558805
122.43 0.6313131313 0.6293028855 0.5395500439
122.695 0.6313131313 0.6333099347 0.5333893345
122.96 0.6313131313 0.6371612867 0.5300013633
123.225 0.6313131313 0.6406930986 0.5296526222
123.49 0.6313131313 0.6437604995 0.5324936735
123.755 0.6313131313 0.6462412711 0.5385086546
124.02 0.6313131313 0.6480384219 0.5474866111
124.285 0.6313131313 0.6490821652 0.5590254589
124.55 0.6313131313 0.6493316724 0.5725688986
124.815 0.6313131313 0.6487767186 0.5874670107
125.08 0.6313131313 0.647439038 0.6030459806
125.345 0.6313131313 0.6453729832 0.6186723402
125.61 0.6313131313 0.642664994 0.6338010984
125.875 0.6313131313 0.6394314626 0.6480029821
126.14 0.6313131313 0.6358147899 0.6609715311
126.405 0.6313131313 0.6319776818 0.6725142866
126.67 0.6313131313 0.6280959599 0.6825330761
126.935 0.6313131313 0.6243502995 0.690997029
127.2 0.6313131313 0.620917357 0.6979103287
127.465 0.6313131313 0.6179607449 0.7032769169
127.73 0.6313131313 0.6156223113 0.7070671349
127.995 0.6313131313 0.6140142091 0.7091948198
128.26 0.6313131313 0.6132123054 0.709514255
128.525 0.6313131313 0.6132515183 0.7078421549
128.79 0.6313131313 0.6141236283 0.7040014688
129.055 0.6313131313 0.6157779316 0.6978752905
129.32 0.6313131313 0.6181248016 0.689455043
129.585 0.6313131313 0.6210418477 0.6788693439
129.85 0.6313131313 0.6243820134 0.6663870114
130.115 0.6313131313 0.6279827249 0.6523959042
130.38 0.6313131313 0.6316751401 0.6373653594
130.645 0.6313131313 0.6352926707 0.621802443
130.91 0.6313131313 0.6386782104 0.606211668
131.175 0.6313131313 0.6416898234 0.5910656584
131.44 0.6313131313 0.644204965 0.5767913425
131.705 0.6313131313 0.6461235296 0.5637725507
131.97 0.6313131313 0.6473701233 0.552365097
132.235 0.6313131313 0.6478959068 0.5429153292
132.5 0.6313131313 0.6476801841 0.5357699836
132.765 0.6313131313 0.6467316872 0.5312665107
133.03 0.6313131313 0.645089294 0.5296997724
133.295 0.6313131313 0.6428218004 0.5312710447
133.56 0.6313131313 0.6400263825 0.5360341456
133.825 0.6313131313 0.6368255077 0.5438567665
134.09 0.6313131313 0.633362258 0.5544110038
134.355 0.6313131313 0.6297942245 0.567197682
134.62 0.6313131313 0.6262862899 0.5815987067
134.885 0.6313131313 0.6230026933 0.5969445065
135.15 0.6313131313 0.6200988003 0.6125815375
135.415 0.6313131313 0.6177130054 0.6279273886
135.68 0.6313131313 0.6159592114 0.6425063525
135.945 0.6313131313 0.6149203669 0.6559641561
136.21 0.6313131313 0.6146435716 0.6680649581
136.475 0.6313131313 0.61513724 0.678675567
136.74 0.6313131313 0.6163706933 0.6877411732
137.005 0.6313131313 0.6182763295 0.695255141
137.27 0.6313131313 0.6207542213 0.7012247132
137.535 0.6313131313 0.623678687 0.7056362882
137.8 0.6313131313 0.6269061403 0.708427462
138.065 0.6313131313 0.6302834155 0.7094753121
138.33 0.6313131313 0.6336558017 0.708608308
138.595 0.6313131313 0.6368741912 0.7056422065
138.86 0.6313131313 0.6398009989 0.7004313533
139.125 0.6313131313 0.6423147769 0.6929206011
139.39 0.6313131313 0.6443136769 0.683182781
139.655 0.6313131313 0.6457180385 0.6714321038
139.92 0.6313131313 0.6464723991 0.6580120245
140.185 0.6313131313 0.6465471204 0.6433632596
140.45 0.6313131313 0.6459396632 0.6279815438
140.715 0.6313131313 0.6446753622 0.612375205
140.98 0.6313131313 0.6428074265 0.5970309623
141.245 0.6313131313 0.6404158604 0.5823937214
141.51 0.6313131313 0.6376050654 0.5688628113
141.775 0.6313131313 0.6345000312 0.5568027481
142.04 0.6313131313 0.6312411878 0.5465614902
142.305 0.6313131313 0.6279781467 0.5384849497
142.57 0.6313131313 0.6248626545 0.5329158764
142.835 0.6313131313 0.6220411352 0.5301698598
143.1 0.6313131313 0.6196472133 0.5304902792
143.365 0.6313131313 0.6177946274 0.5339938666
143.63 0.6313131313 0.6165709636 0.5406243752
143.895 0.6313131313 0.6160326575 0.5501306409
144.16 0.6313131313 0.6162017049 0.5620776591
144.425 0.6313131313 0.6170644392 0.5758888512
144.69 0.6313131313 0.6185725736 0.590908957
144.955 0.6313131313 0.6206464713 0.606472844
145.22 0.6313131313 0.6231803485 0.6219663986
145.485 0.6313131313 0.6260488847 0.6368701209
145.75 0.6313131313 0.6291145796 0.6507818889
146.015 0.6313131313 0.6322351712 0.6634204813
146.28 0.6313131313 0.6352705306 0.6746143646
146.545 0.6313131313 0.6380886329 0.6842804929
146.81 0.6313131313 0.6405704236 0.6923963461
147.075 0.6313131313 0.6426136105 0.6989671008
147.34 0.6313131313 0.6441355532 0.7039905969
147.605 0.6313131313 0.6450754791 0.7074258344
147.87 0.6313131313 0.645396213 0.7091738917
148.135 0.6313131313 0.6450854966 0.709080029
148.4 0.6313131313 0.6441568339 0.7069605244
148.665 0.6313131313 0.642649675 0.7026491459
148.93 0.6313131313 0.6406286976 0.6960504231
149.195 0.6313131313 0.6381819674 0.6871841048
149.46 0.6313131313 0.6354178561 0.676208582
149.725 0.6313131313 0.63246073 0.6634185339
149.99 0.6313131313 0.629445559 0.6492199331
150.255 0.6313131313 0.626511702 0.6340908338
150.52 0.6313131313 0.6237961909 0.6185381084
150.785 0.6313131313 0.621426869 0.6030593214
151.05 0.6313131313 0.6195157562 0.5881166014
151.315 0.6313131313 0.6181530298 0.5741263517
151.58 0.6313131313 0.6174020228 0.5614647278
151.845 0.6313131313 0.6172956344 0.5504839025
152.11 0.6313131313 0.6178344922 0.5415293234
152.375 0.6313131313 0.6189870907 0.5349458507
152.64 0.6313131313 0.6206919456 0.5310631323
152.905 0.6313131313 0.6228615911 0.5301581493
153.17 0.6313131313 0.6253880381 0.5324028913
153.435 0.6313131313 0.6281491612 0.5378129839
153.7 0.6313131313 0.6310154224 0.5462147966
153.965 0.6313131313 0.6338563821 0.5572431784
154.23 0.6313131313 0.6365465708 0.5703721427
154.495 0.6313131313 0.6389704729 0.5849710011
154.76 0.6313131313 0.6410265538 0.6003723337
155.025 0.6313131313 0.6426304105 0.6159371613
155.29 0.6313131313 0.6437172014 0.631105944
155.555 0.6313131313 0.6442435185 0.6454295578
155.82 0.6313131313 0.6441887955 0.6585799975
156.085 0.6313131313 0.6435562407 0.6703444439
156.35 0.6313131313 0.6423731822 0.6806076041
156.615 0.6313131313 0.6406906399 0.6893262328
156.88 0.6313131313 0.6385819409 0.696498099
157.145 0.6313131313 0.6361402458 0.702127463
157.41 0.6313131313 0.63347496 0.7061914084
157.675 0.6313131313 0.6307071198 0.7086148503
157.94 0.6313131313 0.6279639459 0.7092635452
158.205 0.6313131313 0.6253728337 0.7079612296
158.47 0.6313131313 0.623055094 0.704529358
158.735 0.6313131313 0.6211197809 0.6988392942
159 0.6313131313 0.6196579597 0.6908617774
159.265 0.6313131313 0.6187377786 0.6806995202
159.53 0.6313131313 0.6184006991 0.6685950239
159.795 0.6313131313 0.6186592059 0.6549138083
160.06 0.6313131313 0.6194962291 0.6401097699
160.325 0.6313131313 0.6208663719 0.6246824947
160.59 0.6313131313 0.6226988604 0.6091362911
160.855 0.6313131313 0.6249019511 0.5939487943
161.12 0.6313131313 0.6273683795 0.5795542349
161.385 0.6313131313 0.6299813515 0.5663429633
161.65 0.6313131313 0.6326205771 0.5546742664
161.915 0.6313131313 0.6351679235 0.5448944699
162.18 0.6313131313 0.6375123949 0.5373487167
162.445 0.6313131313 0.6395542996 0.5323752252
162.71 0.6313131313 0.6412086044 0.5302765189
162.975 0.6313131313 0.6424075647 0.5312716095
163.24 0.6313131313 0.6431027558 0.5354423509
163.505 0.6313131313 0.6432665969 0.542691602
163.77 0.6313131313 0.6428933921 0.5527281293
164.035 0.6313131313 0.6419998234 0.5650846664
164.3 0.6313131313 0.6406247684 0.5791652486
164.565 0.6313131313 0.6388282883 0.5943100905
164.83 0.6313131313 0.6366896651 0.6098632496
165.095 0.6313131313 0.6343044341 0.6252300716
165.36 0.6313131313 0.6317804586 0.6399162894
165.625 0.6313131313 0.6292331855 0.6535464332
165.89 0.6313131313 0.6267803004 0.6658639214
166.155 0.6313131313 0.6245360515 0.6767175278
166.42 0.6313131313 0.622605544 0.6860386993
166.685 0.6313131313 0.6210793257 0.6938125728
166.95 0.6313131313 0.62002859 0.7000445685
167.215 0.6313131313 0.6195013235 0.7047257479
167.48 0.6313131313 0.6195196942 0.7078034137
167.745 0.6313131313 0.620078916 0.7091660952
168.01 0.6313131313 0.6211477142 0.7086508854
168.275 0.6313131313 0.6226703778 0.7060749546
168.54 0.6313131313 0.6245702248 0.701284318
168.805 0.6313131313 0.6267541651 0.6942060634
169.07 0.6313131313 0.6291179526 0.6848888137
169.335 0.6313131313 0.6315516828 0.6735206636
169.6 0.6313131313 0.6339451345 0.6604216192
169.865 0.6313131313 0.6361926427 0.6460150157
170.13 0.6313131313 0.6381973143 0.6307869043
170.395 0.6313131313 0.6398745211 0.6152434672
170.66 0.6313131313 0.6411547001 0.5998751751
170.925 0.6313131313 0.6419855418 0.5851339293
171.19 0.6313131313 0.6423336464 0.5714262556
171.455 0.6313131313 0.6421856834 0.5591214988
171.72 0.6313131313 0.6415490307 0.5485689717
171.985 0.6313131313 0.6404518033 0.540113565
172.25 0.6313131313 0.6389421556 0.5340979061
172.515 0.6313131313 0.6370867469 0.5308427623
172.78 0.6313131313 0.6349683078 0.5306057138
173.045 0.6313131313 0.6326823206 0.5335279869
173.31 0.6313131313 0.6303329115 0.5395860754
173.575 0.6313131313 0.6280281228 0.548564918
173.84 0.6313131313 0.6258747974 0.5600628311
174.105 0.6313131313 0.6239733365 0.5735282858
174.37 0.6313131313 0.6224126223 0.5883194264
174.635 0.6313131313 0.6212653994 0.6037721977
174.9 0.6313131313 0.620584415 0.6192629442
175.165 0.6313131313 0.6203995929 0.634255231
175.43 0.6313131313 0.620716471 0.6483263011
175.695 0.6313131313 0.6215160496 0.6611739023
175.96 0.6313131313 0.6227560825 0.6726075657
176.225 0.6313131313 0.6243737095 0.6825291369
176.49 0.6313131313 0.6262892013 0.6909060831
176.755 0.6313131313 0.6284104872 0.6977396352
177.02 0.6313131313 0.6306380868 0.7030301399
177.285 0.6313131313 0.6328700731 0.7067446934
177.55 0.6313131313 0.635006754 0.7087954254
177.815 0.6313131313 0.636954853 0.7090374273
178.08 0.6313131313 0.6386310754 0.7072910497
178.345 0.6313131313 0.6399650363 0.7033851288
178.61 0.6313131313 0.6409015918 0.6972095806
178.875 0.6313131313 0.6414026275 0.6887619963
179.14 0.6313131313 0.6414483458 0.6781751782
179.405 0.6313131313 0.6410380463 0.6657194376
179.67 0.6313131313 0.6401903445 0.6517814393
179.935 0.6313131313 0.6389427422 0.6368272074
180.2 0.6313131313 0.6373504564 0.6213592674
180.465 0.6313131313 0.6354844437 0.6058773419
180.73 0.6313131313 0.6334286124 0.5908498826
180.995 0.6313131313 0.6312762849 0.5767008385
181.26 0.6313131313 0.6291260414 0.5638123499
181.525 0.6313131313 0.6270771339 0.5525393395
181.79 0.6313131313 0.6252246996 0.5432270644
182.055 0.6313131313 0.6236550319 0.5362197915
182.32 0.6313131313 0.6224411756 0.5318502696
182.585 0.6313131313 0.6216391194 0.5304063547
182.85 0.6313131313 0.6212848426 0.5320809001
183.115 0.6313131313 0.6213924361 0.5369194959
183.38 0.6313131313 0.6219534567 0.5447835939
183.645 0.6313131313 0.6229375807 0.5553424072
183.91 0.6313131313 0.6242945101 0.5680977718
184.175 0.6313131313 0.625956974 0.5824361365
184.44 0.6313131313 0.6278445652 0.5976949562
184.705 0.6313131313 0.6298680971 0.6132288367
184.97 0.6313131313 0.6319341441 0.6284633403
185.235 0.6313131313 0.6339494663 0.6429295829
185.5 0.6313131313 0.6358250829 0.6562784204
185.765 0.6313131313 0.6374798465 0.6682772786
186.03 0.6313131313 0.638843454 0.6787944293
186.295 0.6313131313 0.6398588929 0.6877748715
186.56 0.6313131313 0.6404843557 0.6952103347
186.825 0.6313131313 0.6406946528 0.7011053679
187.09 0.6313131313 0.6404821314 0.7054433072
187.355 0.6313131313 0.6398570676 0.7081593129
187.62 0.6313131313 0.63884747 0.7091297131
187.885 0.6313131313 0.6374982202 0.7081846291
188.15 0.6313131313 0.6358694912 0.7051438968
188.415 0.6313131313 0.6340344248 0.6998676237
188.68 0.6313131313 0.6320761033 0.6923068425
188.945 0.6313131313 0.6300839151 0.6825396371
189.21 0.6313131313 0.6281494672 0.6707835407
189.475 0.6313131313 0.6263622396 0.657382968
189.74 0.6313131313 0.6248052091 0.642777374
190.005 0.6313131313 0.6235506838 0.6274595776
190.27 0.6313131313 0.6226565955 0.6119341264
190.535 0.6313131313 0.6221634885 0.596683927
190.8 0.6313131313 0.6220924165 0.5821507406
191.065 0.6313131313 0.6224439088 0.5687318081
191.33 0.6313131313 0.6231980957 0.5567905275
191.595 0.6313131313 0.6243159903 0.5466740929
191.86 0.6313131313 0.6257418221 0.5387270155
192.125 0.6313131313 0.6274062293 0.5332890074
192.39 0.6313131313 0.6292300477 0.5306704375
192.655 0.6313131313 0.6311284052 0.5311075251
192.92 0.6313131313 0.6330148409 0.5347089592
193.185 0.6313131313 0.6348052109 0.5414111177
193.45 0.6313131313 0.6364212126 0.5509576525
193.715 0.6313131313 0.6377934294 0.5629115759
193.98 0.6313131313 0.6388638612 0.576697765
194.245 0.6313131313 0.6395879468 0.5916653499
194.51 0.6313131313 0.6399360962 0.6071555142
194.775 0.6313131313 0.639894741 0.6225612031
195.04 0.6313131313 0.6394668866 0.6373696597
195.305 0.6313131313 0.6386721219 0.6511844383
195.57 0.6313131313 0.6375460297 0.6637285306
195.835 0.6313131313 0.6361389466 0.6748330276
196.1 0.6313131313 0.6345140453 0.6844159381
196.365 0.6313131313 0.6327447612 0.6924543132
196.63 0.6313131313 0.6309116318 0.6989516133
196.895 0.6313131313 0.6290986726 0.7039031098
197.16 0.6313131313 0.6273894549 0.7072651456
197.425 0.6313131313 0.6258630808 0.70893705
197.69 0.6313131313 0.6245902736 0.708764168
197.955 0.6313131313 0.6236298069 0.7065651688
198.22 0.6313131313 0.6230254927 0.7021782991
198.485 0.6313131313 0.622803929 0.695513786
198.75 0.6313131313 0.6229731689 0.6865970839
199.015 0.6313131313 0.6235224156 0.6755911511
199.28 0.6313131313 0.6244227714 0.6627933384
199.545 0.6313131313 0.6256289819 0.6486101591
199.81 0.6313131313 0.6270820348 0.6335183186
200.075 0.6313131313 0.6287124034 0.6180220213
200.34 0.6313131313 0.6304436866 0.6026155782
200.605 0.6313131313 0.6321963895 0.5877580142
200.87 0.6313131313 0.6338916148 0.5738633465
201.135 0.6313131313 0.6354544847 0.5613062845
201.4 0.6313131313 0.6368171736 0.5504382346
201.665 0.6313131313 0.6379214868 0.5416038314
201.93 0.6313131313 0.6387209688 0.5351461033
202.195 0.6313131313 0.639182541 0.531391028
202.46 0.6313131313 0.6392876756 0.530609817
202.725 0.6313131313 0.6390330937 0.5329671059
202.99 0.6313131313 0.6384309599 0.538470773
203.255 0.6313131313 0.6375085288 0.5469405305
203.52 0.6313131313 0.6363072012 0.5580069512
203.785 0.6313131313 0.634880962 0.5711428696
204.05 0.6313131313 0.6332942094 0.5857195161
204.315 0.6313131313 0.631619023 0.6010738704
204.58 0.6313131313 0.6299319688 0.6165728506
204.845 0.6313131313 0.6283105768 0.63166326
205.11 0.6313131313 0.6268296626 0.6459018786
205.375 0.6313131313 0.6255576829 0.6589655757
205.64 0.6313131313 0.6245533284 0.6706450744
205.905 0.6313131313 0.623862557 0.6808271832
206.17 0.6313131313 0.6235162548 0.6894693044
206.435 0.6313131313 0.6235286846 0.6965684658
206.7 0.6313131313 0.6238968357 0.702127034
206.965 0.6313131313 0.6246007241 0.7061195791
207.23 0.6313131313 0.6256046227 0.7084687335
207.495 0.6313131313 0.6268591219 0.7090391835
207.76 0.6313131313 0.6283038589 0.7076555786
208.025 0.6313131313 0.6298707071 0.7041424934
208.29 0.6313131313 0.6314872001 0.6983761724
208.555 0.6313131313 0.633079973 0.6903330246
208.82 0.6313131313 0.634578039 0.6801210671
209.085 0.6313131313 0.6359157663 0.667986769
209.35 0.6313131313 0.6370354702 0.65429773
209.615 0.6313131313 0.6378895795 0.6395079679
209.88 0.6313131313 0.6384423633 0.6241155624
210.145 0.6313131313 0.6386712145 0.6086222797
210.41 0.6313131313 0.6385674816 0.5935028811
210.675 0.6313131313 0.6381368283 0.5791890522
210.94 0.6313131313 0.6373990889 0.5660693656
211.205 0.6313131313 0.6363875831 0.5545021447
211.47 0.6313131313 0.6351478666 0.544833129
211.735 0.6313131313 0.6337359165 0.5374064248
212 0.6313131313 0.6322157858 0.5325578378
212.265 0.6313131313 0.6306568021 0.530585486
212.53 0.6313131313 0.6291304225 0.5317020146
212.795 0.6313131313 0.6277068894 0.5359817225
213.06 0.6313131313 0.6264518562 0.5433200236
213.325 0.6313131313 0.6254231638 0.5534197513
213.59 0.6313131313 0.6246679546 0.5658102812
213.855 0.6313131313 0.6242202976 0.5798953126
214.12 0.6313131313 0.624099482 0.5950175317
214.385 0.6313131313 0.6243090947 0.610525554
214.65 0.6313131313 0.6248369493 0.6258304048
214.915 0.6313131313 0.6256558711 0.6404436704
215.18 0.6313131313 0.6267252774 0.653995166
215.445 0.6313131313 0.627993429 0.6662325575
215.71 0.6313131313 0.6294001841 0.6770075905
215.975 0.6313131313 0.6308800585 0.6862533049
216.24 0.6313131313 0.6323653921 0.6939550241
216.505 0.6313131313 0.633789446 0.7001170371
216.77 0.6313131313 0.635089286 0.7047282864
217.035 0.6313131313 0.6362083521 0.7077336306
217.3 0.6313131313 0.6370986565 0.7090197599
217.565 0.6313131313 0.6377225775 0.7084234615
217.83 0.6313131313 0.6380542373 0.7057637039
218.095 0.6313131313 0.6380804534 0.7008903623
218.36 0.6313131313 0.6378012458 0.6937357823
218.625 0.6313131313 0.6372298769 0.684354193
218.89 0.6313131313 0.6363923945 0.6729385655
219.155 0.6313131313 0.6353266571 0.6598122548
219.42 0.6313131313 0.6340808347 0.6454000606
219.685 0.6313131313 0.6327114111 0.630187696
219.95 0.6313131313 0.631280742 0.6146796226
220.215 0.6313131313 0.6298542616 0.5993638332
220.48 0.6313131313 0.62849746 0.5846896772
220.745 0.6313131313 0.6272727773 0.5710616335
221.01 0.6313131313 0.6262365779 0.558847793
221.275 0.6313131313 0.6254363716 0.5483968548
221.54 0.6313131313 0.6249084461 0.5400531209
221.805 0.6313131313 0.6246760589 0.5341577536
222.07 0.6313131313 0.6247483069 0.5310283499
222.335 0.6313131313 0.6251197515 0.5309172493
222.6 0.6313131313 0.6257708246 0.5339587127
222.865 0.6313131313 0.6266689838 0.5401215565
223.13 0.6313131313 0.6277705274 0.5491836976
223.395 0.6313131313 0.6290229345 0.5607383648
223.66 0.6313131313 0.6303675631 0.5742316921
223.925 0.6313131313 0.631742529 0.5890224151
224.19 0.6313131313 0.6330855962 0.6044495797
224.455 0.6313131313 0.6343369349 0.619894331
224.72 0.6313131313 0.6354416377 0.6348257913
224.985 0.6313131313 0.6363519189 0.6488266712
225.25 0.6313131313 0.6370289543 0.6615994798
225.515 0.6313131313 0.6374443353 0.6729574335
225.78 0.6313131313 0.6375811236 0.6828047922
226.045 0.6313131313 0.6374344901 0.691110066
226.31 0.6313131313 0.6370119181 0.697874143
226.575 0.6313131313 0.6363329475 0.7030958043
226.84 0.6313131313 0.635428442 0.7067398282
227.105 0.6313131313 0.634339371 0.7087160787
227.37 0.6313131313 0.6331151221 0.7088784053
227.635 0.6313131313 0.6318113872 0.707047751
227.9 0.6313131313 0.6304876954 0.7030556955
228.165 0.6313131313 0.6292046954 0.6967967251
228.43 0.6313131313 0.6280213148 0.6882739716
228.695 0.6313131313 0.6269919377 0.6776256642
228.96 0.6313131313 0.6261637557 0.6651264597
229.225 0.6313131313 0.62557444 0.6511656795
229.49 0.6313131313 0.6252502777 0.6362101488
229.755 0.6313131313 0.6252048876 0.6207615682
230.02 0.6313131313 0.6254386021 0.6053177169
230.285 0.6313131313 0.6259385531 0.5903446416
230.55 0.6313131313 0.6266794569 0.5762640747
230.815 0.6313131313 0.6276250344 0.5634565971
231.08 0.6313131313 0.6287299646 0.5522763283
231.345 0.6313131313 0.629942231 0.5430681057
231.61 0.6313131313 0.6312057066 0.5361753806
231.875 0.6313131313 0.6324628196 0.5319287739
232.14 0.6313131313 0.6336571607 0.5306120447
232.405 0.6313131313 0.6347359163 0.5324119267
232.67 0.6313131313 0.6356520438 0.5373665369
232.935 0.6313131313 0.6363661325 0.5453297148
233.2 0.6313131313 0.6368479156 0.5559642909
233.465 0.6313131313 0.6370774114 0.5687680452
233.73 0.6313131313 0.637045677 0.5831262347
233.995 0.6313131313 0.6367551555 0.5983778941
234.26 0.6313131313 0.6362195989 0.613881378
234.525 0.6313131313 0.6354635481 0.6290672928
234.79 0.6313131313 0.6345213644 0.6434721939
235.055 0.6313131313 0.6334358204 0.6567520344
235.32 0.6313131313 0.6322562831 0.6686784948
235.585 0.6313131313 0.6310365484 0.6791229677
235.85 0.6313131313 0.629832411 0.6880322718
236.115 0.6313131313 0.6286990804 0.6953985666
236.38 0.6313131313 0.6276885667 0.7012254796
236.645 0.6313131313 0.6268471743 0.7054943653
236.91 0.6313131313 0.6262132417 0.7081379837
237.175 0.6313131313 0.6258152589 0.7090307689
237.44 0.6313131313 0.6256704764 0.7080023995
237.705 0.6313131313 0.6257840956 0.7048743309
237.97 0.6313131313 0.6261490901 0.6995103674
238.235 0.6313131313 0.6267466701 0.6918667153
238.5 0.6313131313 0.6275473506 0.6820271096
238.765 0.6313131313 0.6285125486 0.6702141545
239.03 0.6313131313 0.6295965941 0.6567759422
239.295 0.6313131313 0.6307490211 0.6421538103
239.56 0.6313131313 0.6319169995 0.6268406878
239.825 0.6313131313 0.6330477708 0.6113398262
240.09 0.6313131313 0.6340909753 0.5961320168
240.355 0.6313131313 0.6350007772 0.5816567575
240.62 0.6313131313 0.6357377251 0.5683094633
240.885 0.6313131313 0.6362703008 0.5564524533
241.15 0.6313131313 0.6365761304 0.5464324629
241.415 0.6313131313 0.6366428357 0.538593567
241.68 0.6313131313 0.6364685079 0.5332741686
241.945 0.6313131313 0.6360617869 0.5307816121
242.21 0.6313131313 0.6354415311 0.531346982
242.475 0.6313131313 0.6346360693 0.535072026
242.74 0.6313131313 0.6336820414 0.5418853475
243.005 0.6313131313 0.6326228503 0.5515233334
243.27 0.6313131313 0.631506773 0.5635435214
243.535 0.6313131313 0.6303848006 0.5773679554
243.8 0.6313131313 0.6293083003 0.592345807
244.065 0.6313131313 0.628326609 0.6078208251
244.33 0.6313131313 0.6274846806 0.6231902947
244.595 0.6313131313 0.6268209127 0.6379466731
244.86 0.6313131313 0.6263652759 0.6516987769
245.125 0.6313131313 0.6261378562 0.6641742869
245.39 0.6313131313 0.6261478988 0.6752080135
245.655 0.6313131313 0.626393414 0.6847204805
245.92 0.6313131313 0.6268613674 0.692689904
246.185 0.6313131313 0.6275284391 0.6991195056
246.45 0.6313131313 0.6283622954 0.7040030566
246.715 0.6313131313 0.6293232839 0.7072946036
246.98 0.6313131313 0.63036644 0.7088911985
247.245 0.6313131313 0.6314436778 0.7086369143
247.51 0.6313131313 0.6325060422 0.7063509773
247.775 0.6313131313 0.6335059093 0.7018743515
248.04 0.6313131313 0.6343990408 0.6951218339
248.305 0.6313131313 0.6351464208 0.6861244625
248.57 0.6313131313 0.6357158231 0.6750507248
248.835 0.6313131313 0.6360830732 0.6622024843
249.1 0.6313131313 0.6362329816 0.6479891322
249.365 0.6313131313 0.6361599258 0.6328884299
249.63 0.6313131313 0.6358680676 0.617404018
249.895 0.6313131313 0.6353711898 0.6020285121
250.16 0.6313131313 0.634692145 0.5872187558
250.425 0.6313131313 0.6338619184 0.5733867518
250.69 0.6313131313 0.6329183233 0.5609058316
250.955 0.6313131313 0.631904365 0.5501267603
251.22 0.6313131313 0.630866333 0.5413938861
251.485 0.6313131313 0.629851697 0.5350495151
251.75 0.6313131313 0.6289069048 0.5314175398
252.015 0.6313131313 0.6280751888 0.5307650643
252.28 0.6313131313 0.6273944956 0.5332505437
252.545 0.6313131313 0.6268956515 0.5388742763
252.81 0.6313131313 0.6266008712 0.5474482108
253.075 0.6313131313 0.6265226948 0.5585963396
253.34 0.6313131313 0.6266634206 0.5717871995
253.605 0.6313131313 0.6270150661 0.5863905536
253.87 0.6313131313 0.627559856 0.6017446701
254.135 0.6313131313 0.6282712021 0.6172199375
254.4 0.6313131313 0.629115106 0.6322679631
254.665 0.6313131313 0.6300518907 0.6464507874
254.93 0.6313131313 0.631038153 0.65945027
255.195 0.6313131313 0.6320288232 0.6710613505
255.46 0.6313131313 0.6329792235 0.681173968
255.725 0.6313131313 0.6338470329 0.689747373
255.99 0.6313131313 0.6345940812 0.696779042
256.255 0.6313131313 0.6351879149 0.7022704132
256.52 0.6313131313 0.6356030936 0.7061940511
256.785 0.6313131313 0.6358221863 0.7084701704
257.05 0.6313131313 0.6358364474 0.708961577
257.315 0.6313131313 0.6356461529 0.7074925318
257.58 0.6313131313 0.6352605843 0.7038893125
257.845 0.6313131313 0.6346976513 0.6980319547
258.11 0.6313131313 0.6339831543 0.6899021293
258.375 0.6313131313 0.6331496988 0.6796135837
258.64 0.6313131313 0.6322352907 0.6674179348
258.905 0.6313131313 0.631281661 0.6536865462
259.17 0.6313131313 0.6303323845 0.6388754202
259.435 0.6313131313 0.6294308759 0.6234828644
259.7 0.6313131313 0.6286183574 0.6080094811
259.965 0.6313131313 0.6279319024 0.5929280622
260.23 0.6313131313 0.6274026579 0.578668191
260.495 0.6313131313 0.6270543444 0.5656167876
260.76 0.6313131313 0.6269021225 0.5541312678
261.025 0.6313131313 0.6269518892 0.5445570521
261.29 0.6313131313 0.6272000489 0.5372378878
261.555 0.6313131313 0.6276337687 0.5325082636
261.82 0.6313131313 0.6282316979 0.5306631826
262.085 0.6313131313 0.6289651025 0.5319100106
262.35 0.6313131313 0.6297993383 0.5363159461
262.615 0.6313131313 0.6306955687 0.54376849
262.88 0.6313131313 0.6316126284 0.5539631051
263.145 0.6313131313 0.6325089304 0.5664236143
263.41 0.6313131313 0.6333443248 0.5805508117
263.675 0.6313131313 0.6340818336 0.5956873415
263.94 0.6313131313 0.6346891966 0.611184282
264.205 0.6313131313 0.6351401851 0.6264568796
264.47 0.6313131313 0.6354156461 0.6410218147
264.735 0.6313131313 0.6355042543 0.6545140604
265 0.6313131313 0.6354029509 0.6666858946
265.265 0.6313131313 0.6351170567 0.6773927319
265.53 0.6313131313 0.6346600488 0.6865700877
265.795 0.6313131313 0.6340530007 0.6942044013
266.06 0.6313131313 0.6333236938 0.700299654
266.325 0.6313131313 0.632505424 0.7048432105
266.59 0.6313131313 0.6316355404 0.7077775819
266.855 0.6313131313 0.6307537735 0.7089871924
267.12 0.6313131313 0.6299004217 0.7083076503
267.385 0.6313131313 0.6291144812 0.7055586393
267.65 0.6313131313 0.6284318095 0.7005929334
267.915 0.6313131313 0.6278834193 0.6933476052
268.18 0.6313131313 0.627493995 0.683882571
268.445 0.6313131313 0.6272807138 0.6723963769
268.71 0.6313131313 0.6272524418 0.6592168958
268.975 0.6313131313 0.6274093486 0.6447717958
269.24 0.6313131313 0.6277429653 0.6295478446
269.505 0.6313131313 0.628236675 0.6140489635
269.77 0.6313131313 0.6288666042 0.5987615103
270.035 0.6313131313 0.6296028538 0.5841327587
270.3 0.6313131313 0.6304109929 0.570565321
270.565 0.6313131313 0.631253726 0.5584260821
270.83 0.6313131313 0.632092641 0.5480632554
271.095 0.6313131313 0.6328899523 0.5398209461
271.36 0.6313131313 0.6336101596 0.5340395769
271.625 0.6313131313 0.6342215593 0.531034529
271.89 0.6313131313 0.6346975581 0.5310538244
272.155 0.6313131313 0.6350177496 0.5342253181
272.42 0.6313131313 0.6351687264 0.5405100714
272.685 0.6313131313 0.6351446061 0.5496781521
272.95 0.6313131313 0.6349472558 0.5613162146
273.215 0.6313131313 0.6345862053 0.5748661615
273.48 0.6313131313 0.6340782441 0.589685342
273.745 0.6313131313 0.6334467117 0.6051141473
274.01 0.6313131313 0.6327204937 0.6205372024
274.275 0.6313131313 0.6319327599 0.6354283951
274.54 0.6313131313 0.6311194865 0.649375624
274.805 0.6313131313 0.6303178254 0.6620863027
275.07 0.6313131313 0.6295643929 0.6733777777
275.335 0.6313131313 0.628893558 0.683157353
275.6 0.6313131313 0.6283358199 0.6913952889
275.865 0.6313131313 0.6279163568 0.6980928027
276.13 0.6313131313 0.6276538284 0.7032476196
276.395 0.6313131313 0.6275594981 0.7068224133
276.66 0.6313131313 0.6276367249 0.7087246098
276.925 0.6313131313 0.6278808545 0.7088062695
277.19 0.6313131313 0.6282795113 0.7068881411
277.455 0.6313131313 0.6288132715 0.7028037557
277.72 0.6313131313 0.6294566717 0.6964516223
277.985 0.6313131313 0.630179489 0.6878402927
278.25 0.6313131313 0.6309482161 0.6771137851
278.515 0.6313131313 0.6317276481 0.6645518764
278.78 0.6313131313 0.6324825001 0.6505475706
279.045 0.6313131313 0.6331789791 0.6355695832
279.31 0.6313131313 0.6337862458 0.6201197702
279.575 0.6313131313 0.6342777137 0.6046947217
279.84 0.6313131313 0.6346321427 0.589758554
280.105 0.6313131313 0.6348344969 0.5757310052
280.37 0.6313131313 0.6348765416 0.562991163
280.635 0.6313131313 0.6347571643 0.5518924075
280.9 0.6313131313 0.6344824058 0.5427793724
281.165 0.6313131313 0.6340651988 0.5359951525
281.43 0.6313131313 0.6335248159 0.5318689164
281.695 0.6313131313 0.6328860396 0.5306810607
281.96 0.6313131313 0.632178081 0.5326127525
282.225 0.6313131313 0.6314332844 0.5376947725
282.49 0.6313131313 0.6306856688 0.5457729308
282.755 0.6313131313 0.6299693714 0.5565027147
283.02 0.6313131313 0.6293170629 0.5693764944
283.285 0.6313131313 0.6287584155 0.5837768215
283.55 0.6313131313 0.6283187 0.5990428806
283.815 0.6313131313 0.6280175882 0.6145356245
284.08 0.6313131313 0.6278682273 0.6296899374
284.345 0.6313131313 0.627876636 0.6440474511
284.61 0.6313131313 0.6280414577 0.6572692063
284.875 0.6313131313 0.6283540826 0.6691313965
285.14 0.6313131313 0.6287991268 0.6795089675
285.405 0.6313131313 0.6293552382 0.6883510809
285.67 0.6313131313 0.6299961765 0.6956508565
285.935 0.6313131313 0.6306921023 0.7014114439
286.2 0.6313131313 0.6314110037 0.7056124723
286.465 0.6313131313 0.6321201824 0.708184285
286.73 0.6313131313 0.6327877295 0.7089991093
286.995 0.6313131313 0.6333839262 0.7078856404
287.26 0.6313131313 0.6338825143 0.7046663364
287.525 0.6313131313 0.6342617927 0.6992081983
287.79 0.6313131313 0.6345055069 0.6914723859
288.055 0.6313131313 0.6346035027 0.6815484257
288.32 0.6313131313 0.6345521279 0.6696644749
288.585 0.6313131313 0.6343543672 0.6561730279
288.85 0.6313131313 0.6340197042 0.6415181319
289.115 0.6313131313 0.6335637113 0.626193618
289.38 0.6313131313 0.6330073762 0.6107020913
289.645 0.6313131313 0.6323761863 0.5955226763
289.91 0.6313131313 0.6316990011 0.5810928504
290.175 0.6313131313 0.6310067571 0.5678062947
290.44 0.6313131313 0.6303310599 0.5560242936
290.705 0.6313131313 0.6297027269 0.5460932385
290.97 0.6313131313 0.6291503503 0.538357047
291.235 0.6313131313 0.6286989538 0.533153271
291.5 0.6313131313 0.6283688121 0.5307867841
291.765 0.6313131313 0.6281744974 0.5314840222
292.03 0.6313131313 0.6281242048 0.5353400243
292.295 0.6313131313 0.6282193942 0.5422754614
292.56 0.6313131313 0.6284547671 0.5520188714
292.825 0.6313131313 0.6288185767 0.5641213841
293.09 0.6313131313 0.6292932501 0.5780010843
293.355 0.6313131313 0.6298562833 0.5930060551
293.62 0.6313131313 0.6304813537 0.6084816412
293.885 0.6313131313 0.6311395879 0.6238287655
294.15 0.6313131313 0.6318009151 0.6385447047
294.415 0.6313131313 0.63243544 0.6522434298
294.68 0.6313131313 0.6330147713 0.664657433
294.945 0.6313131313 0.6335132529 0.6756255266
295.21 0.6313131313 0.6339090507 0.6850711247
295.475 0.6313131313 0.6341850593 0.6929740126
295.74 0.6313131313 0.6343295995 0.6993375399
296.005 0.6313131313 0.6343368871 0.7041542303
296.27 0.6313131313 0.6342072557 0.707375903
296.535 0.6313131313 0.633947128 0.7088971792
296.8 0.6313131313 0.6335687312 0.7085605095
297.065 0.6313131313 0.6330895651 0.7061852231
297.33 0.6313131313 0.6325316364 0.7016145819
297.595 0.6313131313 0.6319204871 0.6947677017
297.86 0.6313131313 0.6312840515 0.6856812096
298.125 0.6313131313 0.6306513915 0.6745293978
298.39 0.6313131313 0.630051363 0.6616191325
298.655 0.6313131313 0.6295112793 0.6473632923
298.92 0.6313131313 0.629055634 0.6322413155
299.185 0.6313131313 0.6287049513 0.6167568202
299.45 0.6313131313 0.6284748227 0.6014011294
299.715 0.6313131313 0.6283751825 0.5866291516
299.98 0.6313131313 0.6284098617 0.5728509878
300.245 0.6313131313 0.6285764436 0.5604386368
300.51 0.6313131313 0.6288664271 0.5497422866
300.775 0.6313131313 0.6292656852 0.5411061634
301.04 0.6313131313 0.6297551902 0.534872149
301.305 0.6313131313 0.6303119598 0.5313624489
301.57 0.6313131313 0.6309101717 0.5308404538
301.835 0.6313131313 0.6315223841 0.5334586919
302.1 0.6313131313 0.6321208005 0.5392098733
302.365 0.6313131313 0.6326785201 0.547897856
302.63 0.6313131313 0.633170718 0.5591394347
302.895 0.6313131313 0.6335757114 0.5723980376
303.16 0.6313131313 0.6338758715 0.5870410936
303.425 0.6313131313 0.6340583519 0.6024073697
303.69 0.6313131313 0.6341156105 0.6178701103
303.955 0.6313131313 0.6340457082 0.632885337
304.22 0.6313131313 0.6338523735 0.6470201871
304.485 0.6313131313 0.6335448306 0.6599615387
304.75 0.6313131313 0.6331373928 0.6715087172
305.015 0.6313131313 0.6326488345 0.6815550513
305.28 0.6313131313 0.6321015615 0.6900619392
305.545 0.6313131313 0.631520611 0.6970275949
305.81 0.6313131313 0.6309325218 0.7024527532
306.075 0.6313131313 0.6303641229 0.7063080783
306.34 0.6313131313 0.6298412961 0.7085113141
306.605 0.6313131313 0.6293877734 0.7089231758
306.87 0.6313131313 0.6290240271 0.707367219
307.135 0.6313131313 0.6287663117 0.7036710957
307.4 0.6313131313 0.6286259084 0.6977183949
307.665 0.6313131313 0.628608611 0.6894959838
307.93 0.6313131313 0.6287144821 0.6791234763
308.195 0.6313131313 0.6289378903 0.6668579533
308.46 0.6313131313 0.6292678249 0.6530749755
308.725 0.6313131313 0.6296884662 0.638233001
308.99 0.6313131313 0.6301799774 0.6228310019
309.255 0.6313131313 0.6307194724 0.6073687634
309.52 0.6313131313 0.6312821052 0.5923173411
309.785 0.6313131313 0.6318422258 0.5781043402
310.05 0.6313131313 0.6323745447 0.5651150827
310.315 0.6313131313 0.632855256 0.5537061203
310.58 0.6313131313 0.6332630716 0.5442226511
310.845 0.6313131313 0.6335801279 0.537008251
311.11 0.6313131313 0.6337927328 0.532396366
311.375 0.6313131313 0.633891929 0.5306791843
311.64 0.6313131313 0.633873855 0.5320590229
311.905 0.6313131313 0.6337398907 0.5365960457
312.17 0.6313131313 0.6334965837 0.5441696791
312.435 0.6313131313 0.6331553556 0.5544676256
312.7 0.6313131313 0.6327319976 0.5670075913
312.965 0.6313131313 0.632245971 0.5811868215
313.23 0.6313131313 0.6317195402 0.5963472966
313.495 0.6313131313 0.63117677 0.6118420418
313.76 0.6313131313 0.6306424316 0.6270901656
314.025 0.6313131313 0.6301408657 0.641613255
314.29 0.6313131313 0.6296948562 0.6550514076
314.555 0.6313131313 0.6293245696 0.6671616012
314.82 0.6313131313 0.6290466145 0.6778030887
315.085 0.6313131313 0.6288732691 0.6869140743
315.35 0.6313131313 0.6288119185 0.6944823324
315.615 0.6313131313 0.6288647305 0.7005117228
315.88 0.6313131313 0.6290285864 0.7049881436
316.145 0.6313131313 0.6292952696 0.7078517613
316.41 0.6313131313 0.6296518975 0.7089846203
316.675 0.6313131313 0.6300815705 0.7082209417
316.94 0.6313131313 0.6305642018 0.705380883
317.205 0.6313131313 0.6310774798 0.7003199165
317.47 0.6313131313 0.6315979136 0.6929797487
317.735 0.6313131313 0.6321019095 0.683426034
318 0.6313131313 0.6325668295 0.671863085
318.265 0.6313131313 0.6329719853 0.6586235887
318.53 0.6313131313 0.6332995299 0.6441384277
318.795 0.6313131313 0.6335352122 0.6288957634
319.06 0.6313131313 0.6336689711 0.6133992638
319.325 0.6313131313 0.6336953455 0.5981338598
319.59 0.6313131313 0.63361369 0.583544875
319.855 0.6313131313 0.6334281862 0.570033118
320.12 0.6313131313 0.6331476491 0.5579643061
320.385 0.6313131313 0.6327851339 0.5476862273
320.65 0.6313131313 0.6323573561 0.5395429069
320.915 0.6313131313 0.6318839458 0.5338742101
321.18 0.6313131313 0.6313865659 0.530993518
321.445 0.6313131313 0.6308879297 0.5311447236
321.71 0.6313131313 0.6304107631 0.5344493657
321.975 0.6313131313 0.6299767567 0.5408606869
322.24 0.6313131313 0.6296055609 0.5501406723
322.505 0.6313131313 0.6293138717 0.5618690248
322.77 0.6313131313 0.6291146563 0.5754829538
323.035 0.6313131313 0.6290165553 0.5903379501
323.3 0.6313131313 0.6290234969 0.6057753348
323.565 0.6313131313 0.6291345389 0.6211829013
323.83 0.6313131313 0.629343948 0.6360391144
324.095 0.6313131313 0.6296415085 0.6499369925
324.36 0.6313131313 0.6300130423 0.6625888843
324.625 0.6313131313 0.6304411081 0.673816369
324.89 0.6313131313 0.6309058427 0.6835299399
325.155 0.6313131313 0.631385898 0.6917017668
325.42 0.6313131313 0.631859427 0.6983335411
325.685 0.6313131313 0.6323050732 0.7034220319
325.95 0.6313131313 0.6327029173 0.7069278376
326.215 0.6313131313 0.6330353451 0.7087558924
326.48 0.6313131313 0.6332878006 0.7087563396
326.745 0.6313131313 0.6334493985 0.7067495678
327.01 0.6313131313 0.633513375 0.702570905
327.275 0.6313131313 0.6334773597 0.6961227916
327.54 0.6313131313 0.6333434616 0.6874192037
327.805 0.6313131313 0.633118163 0.6766100573
328.07 0.6313131313 0.6328120265 0.6639804431
328.335 0.6313131313 0.632439223 0.6499272918
328.6 0.6313131313 0.6320168984 0.6349214628
328.865 0.6313131313 0.6315644039 0.6194651948
329.13 0.6313131313 0.6311024209 0.6040540648
329.395 0.6313131313 0.6306520176 0.5891503766
329.66 0.6313131313 0.6302336829 0.5751719405
329.925 0.6313131313 0.6298663793 0.5624963909
330.19 0.6313131313 0.6295666646 0.5514764118
330.455 0.6313131313 0.6293479242 0.5424565083
330.72 0.6313131313 0.6292197544 0.5357795366
330.985 0.6313131313 0.6291875283 0.5317733612
331.25 0.6313131313 0.6292521658 0.5307151572
331.515 0.6313131313 0.6294101202 0.5327806098
331.78 0.6313131313 0.6296535782 0.5379931497
332.045 0.6313131313 0.6299708624 0.5461904251
332.31 0.6313131313 0.6303470115 0.557020337
332.575 0.6313131313 0.6307645053 0.5699695269
332.84 0.6313131313 0.6312040969 0.5844174972
333.105 0.6313131313 0.6316457078 0.5997032633
333.37 0.6313131313 0.6320693444 0.6151901194
333.635 0.6313131313 0.6324559928 0.6303170558
333.9 0.6313131313 0.6327884546 0.6446306977
334.165 0.6313131313 0.6330520905 0.6577971674
334.43 0.6313131313 0.6332354423 0.6695972249
334.695 0.6313131313 0.6333307128 0.6799094623
334.96 0.6313131313 0.6333340849 0.688685494
335.225 0.6313131313 0.6332458701 0.6959195064
335.49 0.6313131313 0.6330704797 0.7016142519
335.755 0.6313131313 0.6328162208 0.7057476697
336.02 0.6313131313 0.6324949214 0.7082476662
336.285 0.6313131313 0.6321214007 0.7089841889
336.55 0.6313131313 0.6317128035 0.7077848427
336.815 0.6313131313 0.6312878251 0.7044729807
337.08 0.6313131313 0.6308658619 0.6989187268
337.345 0.6313131313 0.6304661236 0.6910881802
337.61 0.6313131313 0.6301067487 0.6810767168
337.875 0.6313131313 0.6298039668 0.6691181684
338.14 0.6313131313 0.6295713481 0.6555695964
338.405 0.6313131313 0.6294191775 0.640877939
338.67 0.6313131313 0.6293539867 0.6255381004
338.935 0.6313131313 0.6293782671 0.6100521806
339.2 0.6313131313 0.6294903772 0.5948977393
339.465 0.6313131313 0.6296846494 0.5805102985
339.73 0.6313131313 0.6299516866 0.5672818471
339.995 0.6313131313 0.6302788333 0.5555726714
340.26 0.6313131313 0.6306507922 0.5457288715
340.525 0.6313131313 0.6310503548 0.538094285
340.79 0.6313131313 0.6314592071 0.5330057108
341.055 0.6313131313 0.6318587714 0.5307656492
341.32 0.6313131313 0.6322310447 0.5315959532
341.585 0.6313131313 0.6325593973 0.5355849578
341.85 0.6313131313 0.632829298 0.542645328
342.115 0.6313131313 0.6330289382 0.5524976004
342.38 0.6313131313 0.633149731 0.5646862859
342.645 0.6313131313 0.6331866682 0.5786252713
342.91 0.6313131313 0.6331385206 0.5936613179
343.175 0.6313131313 0.6330078769 0.6091411681
343.44 0.6313131313 0.6328010174 0.6244692387
343.705 0.6313131313 0.6325276275 0.6391475424
343.97 0.6313131313 0.6322003617 0.6527951785
344.235 0.6313131313 0.6318342739 0.6651494709
344.5 0.6313131313 0.6314461381 0.6760532873
344.765 0.6313131313 0.6310536865 0.6854330031
345.03 0.6313131313 0.6306748004 0.6932700457
345.295 0.6313131313 0.6303266896 0.699567951
345.56 0.6313131313 0.6300250991 0.7043180261
345.825 0.6313131313 0.6297835832 0.7074698571
346.09 0.6313131313 0.6296128805 0.7089155948
346.355 0.6313131313 0.6295204239 0.7084960035
346.62 0.6313131313 0.6295100086 0.7060304482
346.885 0.6313131313 0.6295816351 0.7013644386
347.15 0.6313131313 0.6297315344 0.6944213958
347.415 0.6313131313 0.6299523723 0.6852435672
347.68 0.6313131313 0.6302336206 0.6740111239
347.945 0.6313131313 0.6305620732 0.661036042
348.21 0.6313131313 0.6309224802 0.6467348098
348.475 0.6313131313 0.631298266 0.6315886636
348.74 0.6313131313 0.6316722966 0.6161013048
349.005 0.6313131313 0.6320276581 0.6007628459
349.27 0.6313131313 0.6323484131 0.5860263181
349.535 0.6313131313 0.6326203023 0.5722999614
349.8 0.6313131313 0.6328313616 0.5599544769
350.065 0.6313131313 0.6329724336 0.5493395172
350.33 0.6313131313 0.6330375518 0.5407992405
350.595 0.6313131313 0.6330241849 0.5346751688
350.86 0.6313131313 0.6329333328 0.5312878833
351.125 0.6313131313 0.6327694686 0.530897104
351.39 0.6313131313 0.6325403313 0.5336494364
351.655 0.6313131313 0.6322565746 0.5395299574
351.92 0.6313131313 0.631931286 0.5483343399
352.185 0.6313131313 0.6315793956 0.5596720453
352.45 0.6313131313 0.6312169991 0.5730012364
352.715 0.6313131313 0.6308606244 0.5876868484
352.98 0.6313131313 0.6305264751 0.6030680058
353.245 0.6313131313 0.6302296856 0.6185206985
353.51 0.6313131313 0.6299836247 0.6335052904
353.775 0.6313131313 0.6297992797 0.6475939815
354.04 0.6313131313 0.6296847545 0.6604786681
354.305 0.6313131313 0.6296449043 0.6719630871
354.57 0.6313131313 0.6296811262 0.6819439979
354.835 0.6313131313 0.6297913155 0.690384991
355.1 0.6313131313 0.6299699887 0.6972850556
355.365 0.6313131313 0.6302085648 0.7026442432
355.63 0.6313131313 0.6304957895 0.7064313153
355.895 0.6313131313 0.630818278 0.7085615222
356.16 0.6313131313 0.6311611488 0.7088934522
356.425 0.6313131313 0.6315087167 0.7072499194
356.69 0.6313131313 0.6318452104 0.7034599252
356.955 0.6313131313 0.6321554829 0.6974106086
357.22 0.6313131313 0.6324256834 0.6890940552
357.485 0.6313131313 0.6326438621 0.6786357928
357.75 0.6313131313 0.6328004856 0.6662984331
358.015 0.6313131313 0.6328888407 0.6524618116
358.28 0.6313131313 0.6329053137 0.6375869214
358.545 0.6313131313 0.6328495342 0.6221734707
358.81 0.6313131313 0.6327243779 0.6067204874
359.075 0.6313131313 0.6325358279 0.5916973366
359.34 0.6313131313 0.6322927008 0.5775296826
359.605 0.6313131313 0.6320062472 0.5646012826
359.87 0.6313131313 0.6316896422 0.5532678609
360.135 0.6313131313 0.6313573884 0.5438744355
360.4 0.6313131313 0.6310246561 0.5367644561
360.665 0.6313131313 0.6307065897 0.5322703637
360.93 0.6313131313 0.6304176138 0.5306815526
361.195 0.6313131313 0.6301707701 0.5321952863
361.46 0.6313131313 0.6299771179 0.5368646588
361.725 0.6313131313 0.6298452283 0.5445609582
361.99 0.6313131313 0.6297807959 0.5549640412
362.255 0.6313131313 0.6297863877 0.5675854
362.52 0.6313131313 0.6298613425 0.5818186319
362.785 0.6313131313 0.6300018228 0.5970049639
363.05 0.6313131313 0.6302010162 0.6124992935
363.315 0.6313131313 0.6304494757 0.6277245384
363.58 0.6313131313 0.6307355777 0.6422071598
363.845 0.6313131313 0.6310460753 0.6555923698
364.11 0.6313131313 0.6313667183 0.6676418527
364.375 0.6313131313 0.6316829095 0.6782187187
364.64 0.6313131313 0.6319803661 0.6872638837
364.905 0.6313131313 0.6322457586 0.6947664763
365.17 0.6313131313 0.6324672968 0.7007302425
365.435 0.6313131313 0.6326352425 0.7051396076
365.7 0.6313131313 0.6327423263 0.7079323766
365.965 0.6313131313 0.6327840534 0.7089881923
366.23 0.6313131313 0.6327588869 0.7081398738
366.495 0.6313131313 0.6326683027 0.7052080483
366.76 0.6313131313 0.6325167121 0.7000508974
367.025 0.6313131313 0.6323112565 0.6926147865
367.29 0.6313131313 0.6320614817 0.6829711431
367.555 0.6313131313 0.631778905 0.6713300895
367.82 0.6313131313 0.6314764927 0.658029172
368.085 0.6313131313 0.6311680703 0.6435025331
368.35 0.6313131313 0.6308676916 0.6282397698
368.615 0.6313131313 0.6305889961 0.6127443332
368.88 0.6313131313 0.6303445828 0.5974997589
369.145 0.6313131313 0.630145432 0.5829494495
369.41 0.6313131313 0.630000403 0.5694924402
369.675 0.6313131313 0.6299158318 0.5574933153
369.94 0.6313131313 0.629895248 0.5472994745
370.205 0.6313131313 0.6299392272 0.5392548987
370.47 0.6313131313 0.630045382 0.5336989185
370.735 0.6313131313 0.6302084942 0.5309429206
371 0.6313131313 0.6304207772 0.5312266516
371.265 0.6313131313 0.6306722573 0.5346652971
371.53 0.6313131313 0.6309512502 0.54120423
371.795 0.6313131313 0.6312449108 0.5505972958
372.06 0.6313131313 0.6315398278 0.5624171888
372.325 0.6313131313 0.6318226359 0.5760963726
372.59 0.6313131313 0.6320806164 0.5909884334
372.855 0.6313131313 0.6323022616 0.6064355839
373.12 0.6313131313 0.6324777783 0.621828755
373.385 0.6313131313 0.6325995105 0.6366509671
373.65 0.6313131313 0.6326622651 0.6505003454
373.915 0.6313131313 0.6326635275 0.66309417
374.18 0.6313131313 0.6326035597 0.6742582564
374.445 0.6313131313 0.6324853769 0.6839062935
374.71 0.6313131313 0.6323146035 0.6920123644
374.975 0.6313131313 0.6320992144 0.6985786308
375.24 0.6313131313 0.6318491717 0.7036008921
375.505 0.6313131313 0.6315759722 0.7070376532
375.77 0.6313131313 0.6312921244 0.7087913399
376.035 0.6313131313 0.6310105788 0.7087101748
376.3 0.6313131313 0.6307441354 0.7066141971
376.565 0.6313131313 0.630504858 0.7023405573
376.83 0.6313131313 0.6303035209 0.6957956609
377.095 0.6313131313 0.6301491164 0.6869989429
377.36 0.6313131313 0.6300484451 0.6761062479
377.625 0.6313131313 0.6300058108 0.6634080057
377.89 0.6313131313 0.6300228343 0.6493050941
378.155 0.6313131313 0.6300983934 0.6342705329
378.42 0.6313131313 0.6302286938 0.618806958
378.685 0.6313131313 0.6304074637 0.6034089488
378.95 0.6313131313 0.6306262626 0.588537015
379.215 0.6313131313 0.6308748874 0.5746070638
379.48 0.6313131313 0.6311418543 0.5619953084
379.745 0.6313131313 0.6314149338 0.5510537725
380.01 0.6313131313 0.6316817112 0.5421268637
380.275 0.6313131313 0.6319301487 0.5355572176
380.54 0.6313131313 0.6321491225 0.53167139
380.805 0.6313131313 0.6323289134 0.5307433071
381.07 0.6313131313 0.6324616292 0.5329431283
381.335 0.6313131313 0.6325415435 0.5382868841
381.6 0.6313131313 0.632565337 0.5466040159
381.865 0.6313131313 0.6325322317 0.557534805
382.13 0.6313131313 0.6324440136 0.5705601441
382.395 0.6313131313 0.6323049436 0.5850564751
382.66 0.6313131313 0.6321215584 0.6003626382
382.925 0.6313131313 0.6319023714 0.6158442637
383.19 0.6313131313 0.631657485 0.630944441
383.455 0.6313131313 0.631398131 0.6452147804
383.72 0.6313131313 0.6311361583 0.6583264782
383.985 0.6313131313 0.6308834927 0.6700648549
384.25 0.6313131313 0.6306515909 0.6803121434
384.515 0.6313131313 0.630450916 0.6890224032
384.78 0.6313131313 0.6302904595 0.6961908729
385.045 0.6313131313 0.6301773311 0.7018198867
385.31 0.6313131313 0.6301164388 0.7058856697
385.575 0.6313131313 0.6301102719 0.708313674
385.84 0.6313131313 0.6301587998 0.7089715659
386.105 0.6313131313 0.6302594895 0.7076858796
386.37 0.6313131313 0.6304074393 0.7042808999
386.635 0.6313131313 0.6305956233 0.6986299181
386.9 0.6313131313 0.6308152308 0.6907040139
387.165 0.6313131313 0.6310560852 0.6806044415
387.43 0.6313131313 0.6313071194 0.6685707225
387.695 0.6313131313 0.6315568865 0.6549644891
387.96 0.6313131313 0.6317940805 0.6402355668
388.225 0.6313131313 0.6320080441 0.6248799286
388.49 0.6313131313 0.6321892414 0.6093991677
388.755 0.6313131313 0.6323296759 0.5942692851
389.02 0.6313131313 0.632423236 0.5799238643
389.285 0.6313131313 0.6324659552 0.5667532295
389.55 0.6313131313 0.6324561766 0.5551167038
389.815 0.6313131313 0.632394615 0.5453601277
390.08 0.6313131313 0.6322843149 0.5378272761
390.345 0.6313131313 0.6321305055 0.5328541875
390.61 0.6313131313 0.6319403601 0.5307409554
390.875 0.6313131313 0.6317226676 0.5317047979
391.14 0.6313131313 0.6314874325 0.5358272906
391.405 0.6313131313 0.6312454186 0.5430130479
391.67 0.6313131313 0.6310076579 0.5529745822
391.935 0.6313131313 0.6307849468 0.5652497842
392.2 0.6313131313 0.6305873519 0.5792483575
392.465 0.6313131313 0.6304237504 0.5943157632
392.73 0.6313131313 0.6303014251 0.6098001608
392.995 0.6313131313 0.6302257355 0.6251094718
393.26 0.6313131313 0.6301998789 0.6397504466
393.525 0.6313131313 0.6302247544 0.6533473069
393.79 0.6313131313 0.630298935 0.6656421979
394.055 0.6313131313 0.6304187491 0.6764820294
394.32 0.6313131313 0.6305784655 0.6857961218
394.585 0.6313131313 0.6307705728 0.6935675224
394.85 0.6313131313 0.6309861379 0.6997999252
395.115 0.6313131313 0.6312152254 0.7044833894
395.38 0.6313131313 0.6314473585 0.7075652457
395.645 0.6313131313 0.6316719976 0.7089351694
395.91 0.6313131313 0.6318790167 0.7084322602
396.175 0.6313131313 0.6320591549 0.7058759619
396.44 0.6313131313 0.6322044253 0.7011140869
396.705 0.6313131313 0.6323084624 0.6940744122
396.97 0.6313131313 0.6323667957 0.68480484
397.235 0.6313131313 0.632377038 0.6734914338
397.5 0.6313131313 0.6323389801 0.6604512741
397.765 0.6313131313 0.6322545909 0.6461044419
398.03 0.6313131313 0.6321279198 0.6309339504
398.295 0.6313131313 0.6319649084 0.6154435674
398.56 0.6313131313 0.6317731174 0.6001221874
398.825 0.6313131313 0.6315613812 0.5854209705
399.09 0.6313131313 0.6313394054 0.5717463176
399.355 0.6313131313 0.6311173233 0.5594676647
399.62 0.6313131313 0.6309052339 0.5489341621
399.885 0.6313131313 0.6307127398 0.5404899205
