# Experiment 2b -- truth is the delay model (tau = 10);
# 'naive' is a delay-free SIR least-squares calibrated to the
# same data over days 58-79.
t Itrue Inaive
0 1e-06 1.122750594e-06
0.65 1.062780631e-06 1.150454351e-06
1.3 1.121619846e-06 1.178841684e-06
1.95 1.176765091e-06 1.20792946e-06
2.6 1.228448276e-06 1.237734962e-06
3.25 1.276886752e-06 1.268275898e-06
3.9 1.322284223e-06 1.299570414e-06
4.55 1.364831607e-06 1.331637104e-06
5.2 1.404707833e-06 1.36449502e-06
5.85 1.4420806e-06 1.398163684e-06
6.5 1.477107077e-06 1.4326631e-06
7.15 1.509934565e-06 1.468013766e-06
7.8 1.540701118e-06 1.504236685e-06
8.45 1.569536124e-06 1.541353378e-06
9.1 1.596560846e-06 1.579385898e-06
9.75 1.621888936e-06 1.61835684e-06
10.4 1.647368118e-06 1.658289359e-06
11.05 1.678577592e-06 1.69920718e-06
11.7 1.715141024e-06 1.741134613e-06
12.35 1.756263149e-06 1.784096568e-06
13 1.801227457e-06 1.828118571e-06
13.65 1.849389434e-06 1.873226774e-06
14.3 1.900170349e-06 1.919447979e-06
14.95 1.953051537e-06 1.966809646e-06
15.6 2.007569131e-06 2.015339912e-06
16.25 2.063309232e-06 2.065067611e-06
16.9 2.119903461e-06 2.116022287e-06
17.55 2.177024874e-06 2.168234211e-06
18.2 2.234384213e-06 2.221734403e-06
18.85 2.291726461e-06 2.276554648e-06
19.5 2.348827685e-06 2.332727514e-06
20.15 2.405497023e-06 2.390286374e-06
20.8 2.461929646e-06 2.449265423e-06
21.45 2.518847695e-06 2.5096997e-06
22.1 2.576876785e-06 2.571625108e-06
22.75 2.636504997e-06 2.635078437e-06
23.4 2.69810126e-06 2.700097382e-06
24.05 2.761931754e-06 2.766720571e-06
24.7 2.828174496e-06 2.834987582e-06
25.35 2.896932315e-06 2.904938971e-06
26 2.968244354e-06 2.976616295e-06
26.65 3.042096252e-06 3.050062134e-06
27.3 3.118429138e-06 3.12532012e-06
27.95 3.197147548e-06 3.202434961e-06
28.6 3.278126386e-06 3.281452467e-06
29.25 3.361217024e-06 3.362419578e-06
29.9 3.446252615e-06 3.445384394e-06
30.55 3.533057445e-06 3.530396199e-06
31.2 3.621505853e-06 3.617505493e-06
31.85 3.711568562e-06 3.706764023e-06
32.5 3.803293876e-06 3.798224811e-06
33.15 3.896785913e-06 3.891942188e-06
33.8 3.992186474e-06 3.987971823e-06
34.45 4.089660075e-06 4.086370761e-06
35.1 4.189381713e-06 4.187197451e-06
35.75 4.291527004e-06 4.290511785e-06
36.4 4.396264353e-06 4.396375134e-06
37.05 4.503748872e-06 4.50485038e-06
37.7 4.614117789e-06 4.616001956e-06
38.35 4.727487116e-06 4.729895885e-06
39 4.843949389e-06 4.846599819e-06
39.65 4.96357229e-06 4.966183078e-06
40.3 5.08639803e-06 5.08871669e-06
40.95 5.212444788e-06 5.214273437e-06
41.6 5.341715851e-06 5.342927894e-06
42.25 5.474212251e-06 5.474756476e-06
42.9 5.609942192e-06 5.609837484e-06
43.55 5.748927242e-06 5.748251147e-06
44.2 5.891205912e-06 5.890079675e-06
44.85 6.036835195e-06 6.035407303e-06
45.5 6.185890516e-06 6.184320345e-06
46.15 6.338464492e-06 6.336907243e-06
46.8 6.494664816e-06 6.493258619e-06
47.45 6.654611554e-06 6.653467331e-06
48.1 6.818434042e-06 6.817628526e-06
48.75 6.986267602e-06 6.985839697e-06
49.4 7.158250179e-06 7.158200741e-06
50.05 7.33451905e-06 7.334814018e-06
50.7 7.515207669e-06 7.515784411e-06
51.35 7.70044305e-06 7.701219391e-06
52 7.890344565e-06 7.891229077e-06
52.65 8.085024342e-06 8.085926304e-06
53.3 8.284588753e-06 8.285426688e-06
53.95 8.489140529e-06 8.489848696e-06
54.6 8.698781157e-06 8.699313715e-06
55.25 8.913613278e-06 8.913946125e-06
55.9 9.133742906e-06 9.133873372e-06
56.55 9.359281338e-06 9.359226044e-06
57.2 9.590346661e-06 9.590137947e-06
57.85 9.827064818e-06 9.826746188e-06
58.5 1.006957021e-05 1.006919125e-05
59.15 1.031800586e-05 1.031761708e-05
59.8 1.057252311e-05 1.057217118e-05
60.45 1.083328098e-05 1.083300467e-05
61.1 1.110044515e-05 1.110027242e-05
61.75 1.137418666e-05 1.137413309e-05
62.4 1.165468068e-05 1.165474927e-05
63.05 1.19421053e-05 1.194228754e-05
63.7 1.223664074e-05 1.223691862e-05
64.35 1.253846875e-05 1.253881739e-05
65 1.284777242e-05 1.284816306e-05
65.65 1.316473629e-05 1.316513928e-05
66.3 1.348954674e-05 1.348993418e-05
66.95 1.382239254e-05 1.382274057e-05
67.6 1.416346558e-05 1.416375597e-05
68.25 1.451296168e-05 1.45131828e-05
68.9 1.487108143e-05 1.487122844e-05
69.55 1.523803092e-05 1.523810541e-05
70.2 1.561402248e-05 1.561403144e-05
70.85 1.599927519e-05 1.599922962e-05
71.5 1.63940153e-05 1.639392857e-05
72.15 1.679847639e-05 1.67983625e-05
72.8 1.721289945e-05 1.721277141e-05
73.45 1.763753272e-05 1.763740122e-05
74.1 1.807263152e-05 1.807250388e-05
74.75 1.851845797e-05 1.851833758e-05
75.4 1.897528075e-05 1.897516683e-05
76.05 1.944337488e-05 1.944326268e-05
76.7 1.992302152e-05 1.992290286e-05
77.35 2.041450796e-05 2.041437191e-05
78 2.091812761e-05 2.091796139e-05
78.65 2.143418012e-05 2.143397005e-05
79.3 2.196297162e-05 2.196270399e-05
79.95 2.2504815e-05 2.250447683e-05
80.6 2.30600303e-05 2.305960992e-05
81.25 2.362894509e-05 2.362843253e-05
81.9 2.421189494e-05 2.421128203e-05
82.55 2.480922378e-05 2.480850407e-05
83.2 2.542128438e-05 2.542045285e-05
83.85 2.604843862e-05 2.604749124e-05
84.5 2.669105787e-05 2.668999108e-05
85.15 2.734952319e-05 2.734833332e-05
85.8 2.802422559e-05 2.802290833e-05
86.45 2.871556612e-05 2.871411604e-05
87.1 2.942395612e-05 2.942236624e-05
87.75 3.014981722e-05 3.01480788e-05
88.4 3.089358157e-05 3.089168391e-05
89.05 3.165569189e-05 3.165362234e-05
89.7 3.243660166e-05 3.243434572e-05
90.35 3.323677531e-05 3.323431675e-05
91 3.40566884e-05 3.405400955e-05
91.65 3.48968279e-05 3.489390985e-05
92.3 3.575769248e-05 3.575451535e-05
92.95 3.663979285e-05 3.663633599e-05
93.6 3.754365206e-05 3.753989423e-05
94.25 3.846980596e-05 3.846572538e-05
94.9 3.941880352e-05 3.941437788e-05
95.55 4.039120726e-05 4.038641369e-05
96.2 4.138759363e-05 4.138240853e-05
96.85 4.240855344e-05 4.24029523e-05
97.5 4.345469219e-05 4.344864939e-05
98.15 4.452663048e-05 4.452011899e-05
98.8 4.562500439e-05 4.561799556e-05
99.45 4.675046579e-05 4.67429291e-05
100.1 4.790368275e-05 4.789558557e-05
100.75 4.908533987e-05 4.90766473e-05
101.4 5.029613867e-05 5.028681335e-05
102.05 5.153679792e-05 5.152679995e-05
102.7 5.280805407e-05 5.27973409e-05
103.35 5.411066164e-05 5.409918801e-05
104 5.544539363e-05 5.543311152e-05
104.65 5.681304198e-05 5.679990059e-05
105.3 5.821441805e-05 5.820036372e-05
105.95 5.965035307e-05 5.963532924e-05
106.6 6.112169868e-05 6.110564579e-05
107.25 6.262932743e-05 6.261218281e-05
107.9 6.417413332e-05 6.415583105e-05
108.55 6.575703237e-05 6.573750311e-05
109.2 6.737896316e-05 6.735813394e-05
109.85 6.904088742e-05 6.901868138e-05
110.5 7.074379059e-05 7.072012675e-05
111.15 7.248868242e-05 7.246347539e-05
111.8 7.427659757e-05 7.424975729e-05
112.45 7.610859621e-05 7.608002761e-05
113.1 7.798576466e-05 7.795536736e-05
113.75 7.990921598e-05 7.9876884e-05
114.4 8.188009064e-05 8.184571209e-05
115.05 8.389955718e-05 8.386301394e-05
115.7 8.596881287e-05 8.592998029e-05
116.35 8.808908442e-05 8.804783097e-05
117 9.02616287e-05 9.021781566e-05
117.65 9.248773344e-05 9.244121457e-05
118.3 9.476871802e-05 9.471933918e-05
118.95 9.710593425e-05 9.705353302e-05
119.6 9.950076715e-05 9.944517242e-05
120.25 0.0001019546358 0.0001018956673
120.9 0.000104468994 0.0001044064621
121.55 0.0001070453317 0.0001069790363
122.2 0.0001096851749 0.0001096149056
122.85 0.0001123900876 0.0001123156228
123.5 0.000115161672 0.0001150827783
124.15 0.0001180015699 0.0001179180013
124.8 0.0001209114631 0.000120822961
125.45 0.0001238930752 0.0001237993668
126.1 0.0001269481718 0.0001268489701
126.75 0.0001300785621 0.0001299735648
127.4 0.0001332860995 0.0001331749884
128.05 0.0001365726833 0.0001364551232
128.7 0.0001399402591 0.0001398158972
129.35 0.0001433908204 0.0001432592852
130 0.0001469264096 0.0001467873102
130.65 0.0001505491193 0.0001504020441
131.3 0.0001542610935 0.0001541056094
131.95 0.0001580645286 0.0001579001798
132.6 0.000161961675 0.0001617879818
133.25 0.0001659548384 0.0001657712962
133.9 0.000170046381 0.0001698524587
134.55 0.0001742387229 0.0001740338617
135.2 0.0001785343435 0.0001783179557
135.85 0.0001829357831 0.0001827072503
136.5 0.0001874456444 0.0001872043161
137.15 0.0001920665936 0.0001918117855
137.8 0.0001968013626 0.0001965323548
138.45 0.00020165275 0.0002013687853
139.1 0.000206623623 0.0002063239051
139.75 0.0002117169192 0.0002114006105
140.4 0.0002169356481 0.0002166018676
141.05 0.0002222828928 0.000221930714
141.7 0.000227761812 0.0002273902605
142.35 0.0002333756417 0.000232983693
143 0.000239127697 0.0002387142736
143.65 0.0002450213742 0.0002445853433
144.3 0.0002510601529 0.0002506003231
144.95 0.0002572475973 0.0002567627163
145.6 0.0002635873593 0.0002630761102
146.25 0.0002700831797 0.0002695441782
146.9 0.000276738891 0.0002761706816
147.55 0.0002835584192 0.000282959472
148.2 0.0002905457863 0.0002899144929
148.85 0.0002977051125 0.0002970397822
149.5 0.0003050406186 0.0003043394744
150.15 0.0003125566286 0.0003118178024
150.8 0.0003202575718 0.0003194791004
151.45 0.0003281479859 0.0003273278056
152.1 0.0003362325189 0.0003353684611
152.75 0.0003445159325 0.0003436057177
153.4 0.0003530031043 0.0003520443372
154.05 0.000361699031 0.0003606891941
154.7 0.0003706088308 0.0003695452787
155.35 0.0003797377466 0.0003786176995
156 0.0003890911492 0.0003879116859
156.65 0.0003986745399 0.000397432591
157.3 0.0004084935541 0.0004071858943
157.95 0.0004185539639 0.0004171772046
158.6 0.0004288616823 0.000427412263
159.25 0.0004394227655 0.0004378969455
159.9 0.0004502434172 0.0004486372665
160.55 0.0004613299918 0.0004596393815
161.2 0.0004726889979 0.0004709095903
161.85 0.0004843271019 0.0004824543404
162.5 0.0004962511323 0.0004942802301
163.15 0.0005084680829 0.0005063940117
163.8 0.0005209851172 0.000518802595
164.45 0.0005338095721 0.0005315130509
165.1 0.0005469489625 0.0005445326145
165.75 0.000560410985 0.0005578686892
166.4 0.0005742035224 0.0005715288498
167.05 0.0005883346481 0.0005855208465
167.7 0.000602812631 0.0005998526086
168.35 0.0006176459393 0.0006145322484
169 0.000632843246 0.0006295680648
169.65 0.0006484134333 0.0006449685476
170.3 0.0006643655978 0.0006607423815
170.95 0.000680709055 0.0006768984499
171.6 0.0006974533452 0.0006934458393
172.25 0.0007146082384 0.0007103938435
172.9 0.0007321837394 0.0007277519677
173.55 0.0007501900939 0.0007455299331
174.2 0.0007686377937 0.0007637376814
174.85 0.0007875375825 0.0007823853789
175.5 0.000806900462 0.0008014834212
176.15 0.0008267376978 0.0008210424382
176.8 0.0008470608251 0.0008410732981
177.45 0.0008678816559 0.0008615871127
178.1 0.0008892122845 0.0008825952421
178.75 0.0009110650944 0.0009041092993
179.4 0.0009334527651 0.0009261411554
180.05 0.0009563882787 0.0009487029446
180.7 0.0009798849272 0.000971807069
181.35 0.001003956319 0.000995466204
182 0.001028616387 0.001019693303
182.65 0.001053879394 0.001044501604
183.3 0.001079759945 0.001069904632
183.95 0.001106272989 0.001095916208
184.6 0.001133433831 0.00112255045
185.25 0.001161258136 0.001149821784
185.9 0.001189761945 0.001177744945
186.55 0.001218961673 0.001206334982
187.2 0.001248874127 0.001235607267
187.85 0.001279516507 0.0012655775
188.5 0.00131090642 0.001296261711
189.15 0.001343061889 0.001327676269
189.8 0.001376001359 0.001359837886
190.45 0.001409743707 0.001392763625
191.1 0.001444308255 0.001426470902
191.75 0.001479714777 0.001460977494
192.4 0.001515983509 0.001496301544
193.05 0.00155313516 0.001532461567
193.7 0.001591190921 0.001569476455
194.35 0.001630172478 0.001607365484
195 0.001670102021 0.001646148315
195.65 0.001711002255 0.001685845007
196.3 0.001752896411 0.001726476016
196.95 0.001795808259 0.001768062203
197.6 0.001839762116 0.001810624838
198.25 0.001884782861 0.00185418561
198.9 0.001930895947 0.001898766623
199.55 0.001978127411 0.001944390411
200.2 0.002026503887 0.001991079936
200.85 0.002076052618 0.002038858596
201.5 0.002126801472 0.002087750228
202.15 0.002178778951 0.002137779115
202.8 0.002232014205 0.002188969987
203.45 0.002286537047 0.002241348027
204.1 0.002342377965 0.002294938877
204.75 0.002399568136 0.002349768638
205.4 0.002458139441 0.002405863875
206.05 0.002518124477 0.002463251621
206.7 0.002579556572 0.00252195938
207.35 0.002642469803 0.002582015128
208 0.002706899005 0.002643447317
208.65 0.002772879789 0.002706284878
209.3 0.002840448557 0.00277055722
209.95 0.002909642517 0.002836294233
210.6 0.002980499699 0.00290352629
211.25 0.003053058967 0.002972284245
211.9 0.003127360041 0.003042599434
212.55 0.003203443508 0.003114503676
213.2 0.003281350837 0.003188029271
213.85 0.003361124402 0.003263208997
214.5 0.003442807491 0.003340076112
215.15 0.003526444325 0.003418664346
215.8 0.003612080076 0.003499007903
216.45 0.003699760882 0.003581141453
217.1 0.003789533864 0.003665100128
217.75 0.003881447142 0.003750919521
218.4 0.003975549854 0.003838635672
219.05 0.004071892171 0.003928285068
219.7 0.004170525313 0.004019904631
220.35 0.004271501569 0.004113531711
221 0.004374874312 0.004209204076
221.65 0.004480698015 0.004306959899
222.3 0.004589028269 0.00440683775
222.95 0.004699921802 0.004508876582
223.6 0.004813436489 0.004613115714
224.25 0.004929631377 0.00471959482
224.9 0.005048566695 0.00482835391
225.55 0.005170303873 0.004939433312
226.2 0.005294905558 0.005052873655
226.85 0.005422435627 0.005168715848
227.5 0.005552959209 0.005287001057
228.15 0.005686542693 0.005407770682
228.8 0.005823253747 0.005531066333
229.45 0.00596316133 0.005656929802
230.1 0.00610633571 0.005785403038
230.75 0.006252848474 0.005916528114
231.4 0.006402772542 0.006050347194
232.05 0.006556182181 0.006186902506
232.7 0.006713153014 0.006326236299
233.35 0.006873762035 0.006468390812
234 0.007038087616 0.006613408231
234.65 0.007206209519 0.00676133065
235.3 0.007378208907 0.006912200024
235.95 0.007554168344 0.007066058128
236.6 0.007734171811 0.007222946508
237.25 0.007918304709 0.007382906429
237.9 0.008106653861 0.007545978824
238.55 0.008299307518 0.007712204241
239.2 0.008496355363 0.007881622782
239.85 0.008697888508 0.00805427405
240.5 0.008903999497 0.008230197078
241.15 0.009114782301 0.008409430275
241.8 0.009330332317 0.008592011352
242.45 0.009550746361 0.008777977253
243.1 0.009776122661 0.008967364086
243.75 0.01000656085 0.009160207048
244.4 0.01024216194 0.009356540346
245.05 0.01048302833 0.009556397115
245.7 0.01072926379 0.009759809343
246.35 0.0109809734 0.009966807777
247 0.01123826361 0.01017742184
247.65 0.01150124211 0.01039167955
248.3 0.0117700179 0.0106096074
248.95 0.01204470122 0.0108312303
249.6 0.01232540348 0.01105657144
250.25 0.01261223731 0.01128565222
250.9 0.01290531642 0.01151849214
251.55 0.01320475565 0.01175510869
252.2 0.01351067084 0.01199551723
252.85 0.01382317883 0.01223973093
253.5 0.0141423974 0.01248776058
254.15 0.01446844519 0.01273961457
254.8 0.01480144163 0.01299529869
255.45 0.01514150689 0.01325481607
256.1 0.0154887618 0.01351816704
256.75 0.01584332776 0.01378534903
257.4 0.01620532665 0.0140563564
258.05 0.01657488076 0.0143311804
258.7 0.01695211265 0.01460980896
259.35 0.0173371451 0.01489222666
260 0.01773010094 0.01517841452
260.65 0.01813110298 0.01546834995
261.3 0.01854027387 0.01576200659
261.95 0.01895773592 0.01605935419
262.6 0.01938361105 0.0163603585
263.25 0.01981802055 0.01666498118
263.9 0.02026108499 0.01697317963
264.55 0.02071292403 0.01728490691
265.2 0.02117365621 0.01760011163
265.85 0.02164339884 0.01791873783
266.5 0.02212226775 0.01824072489
267.15 0.02261037711 0.01856600739
267.8 0.02310783921 0.01889451508
268.45 0.02361476425 0.01922617272
269.1 0.02413126009 0.01956090004
269.75 0.02465743202 0.01989861164
270.4 0.02519338252 0.0202392169
271.05 0.02573921095 0.02058261994
271.7 0.02629501331 0.02092871955
272.35 0.02686088196 0.02127740912
273 0.02743690527 0.02162857659
273.65 0.02802316736 0.02198210445
274.3 0.02861974776 0.02233786967
274.95 0.02922672106 0.0226957437
275.6 0.02984415657 0.02305559245
276.25 0.03047211797 0.02341727629
276.9 0.0311106629 0.02378065008
277.55 0.03175984262 0.02414556316
278.2 0.03241970157 0.02451185941
278.85 0.03309027698 0.02487937728
279.5 0.03377159843 0.02524794985
280.15 0.03446368742 0.0256174049
280.8 0.03516655691 0.02598756502
281.45 0.03588021089 0.02635824766
282.1 0.03660464384 0.02672926525
282.75 0.0373398403 0.02710042537
283.4 0.03808577434 0.02747153081
284.05 0.03884240907 0.0278423798
284.7 0.03960969608 0.02821276612
285.35 0.04038757496 0.02858247929
286 0.04117597273 0.0289513048
286.65 0.04197480328 0.02931902425
287.3 0.04278396683 0.02968541564
287.95 0.04360334937 0.03005025355
288.6 0.04443282206 0.03041330944
289.25 0.04527224067 0.03077435185
289.9 0.04612144501 0.03113314674
290.55 0.04698025832 0.0314894577
291.2 0.04784848669 0.03184304635
291.85 0.0487259185 0.03219367255
292.5 0.04961232379 0.03254109477
293.15 0.05050745374 0.03288507042
293.8 0.05141104001 0.03322535619
294.45 0.05232279427 0.0335617084
295.1 0.05324240753 0.03389388333
295.75 0.05416954971 0.03422163762
296.4 0.05510386899 0.03454472863
297.05 0.05604499139 0.03486291481
297.7 0.0569925202 0.03517595609
298.35 0.05794603554 0.03548361426
299 0.05890509389 0.03578565334
299.65 0.05986922767 0.03608184002
300.3 0.06083794485 0.03637194398
300.95 0.06181072858 0.03665573831
301.6 0.06278703686 0.03693299992
302.25 0.0637663023 0.03720350987
302.9 0.06474793183 0.0374670538
303.55 0.06573130653 0.03772342225
304.2 0.06671578151 0.03797241108
304.85 0.0677006858 0.03821382177
305.5 0.06868532238 0.03844746182
306.15 0.06966896815 0.03867314506
306.8 0.07065087412 0.03889069199
307.45 0.07163026553 0.0390999301
308.1 0.07260634216 0.03930069415
308.75 0.07357827864 0.03949282648
309.4 0.07454522491 0.03967617728
310.05 0.07550630667 0.03985060485
310.7 0.07646062608 0.04001597583
311.35 0.07740726236 0.04017216544
312 0.07834527269 0.04031905768
312.65 0.07927369303 0.04045654552
313.3 0.08019153917 0.04058453107
313.95 0.08109780786 0.04070292571
314.6 0.081991478 0.04081165027
315.25 0.08287151201 0.04091063508
315.9 0.08373685727 0.04099982009
316.55 0.08458644769 0.04107915496
317.2 0.0854192054 0.04114859905
317.85 0.08623404258 0.0412081215
318.5 0.08702986331 0.0412577012
319.15 0.08780556569 0.04129732683
319.8 0.08856004391 0.04132699674
320.45 0.08929219059 0.04134671897
321.1 0.09000089907 0.04135651116
321.75 0.09068506594 0.04135640042
322.4 0.09134359358 0.04134642326
323.05 0.09197539288 0.04132662546
323.7 0.09257938593 0.04129706188
324.35 0.09315450892 0.04125779634
325 0.09369971501 0.04120890141
325.65 0.09421397736 0.04115045823
326.3 0.09469629214 0.0410825563
326.95 0.0951456816 0.04100529325
327.6 0.09556119723 0.04091877459
328.25 0.09594192286 0.04082311348
328.9 0.09628697785 0.04071843046
329.55 0.0965955202 0.04060485315
330.2 0.09686674972 0.04048251605
330.85 0.09709991109 0.04035156014
331.5 0.09729429692 0.04021213268
332.15 0.09744925077 0.04006438684
332.8 0.09756416999 0.03990848143
333.45 0.09763850858 0.03974458058
334.1 0.09767177987 0.03957285338
334.75 0.09766355904 0.03939347363
335.4 0.09761348562 0.03920661946
336.05 0.09752126564 0.03901247305
336.7 0.09738667376 0.03881122025
337.35 0.09720955511 0.03860305032
338 0.09698982699 0.03838815558
338.65 0.09672748023 0.03816673106
339.3 0.09642258044 0.03793897425
339.95 0.0960752689 0.03770508473
340.6 0.09568576326 0.03746526388
341.25 0.09525435793 0.0372197146
341.9 0.09478142416 0.03696864097
342.55 0.09426740988 0.03671224797
343.2 0.09371283922 0.03645074124
343.85 0.09311831173 0.03618432674
344.5 0.09248450126 0.03591321049
345.15 0.09181215463 0.03563759835
345.8 0.09110208992 0.03535769572
346.45 0.09035519445 0.0350737073
347.1 0.08957242256 0.0347858369
347.75 0.08875479305 0.03449428712
348.4 0.08790338631 0.03419925921
349.05 0.0870193413 0.03390095285
349.7 0.08610385218 0.03359956591
350.35 0.08515816477 0.03329529428
351 0.08418357282 0.03298833171
351.65 0.08318141399 0.0326788696
352.3 0.08215306582 0.03236709687
352.95 0.0810999414 0.03205319979
353.6 0.080023485 0.03173736185
354.25 0.07892516761 0.03141976361
354.9 0.07780648238 0.0311005826
355.55 0.07666893998 0.03077999317
356.2 0.07551406406 0.03045816642
356.85 0.07434338654 0.03013527011
357.5 0.07315844311 0.02981146852
358.15 0.07196076865 0.02948692243
358.8 0.0707518928 0.02916178901
359.45 0.06953333563 0.02883622178
360.1 0.06830660338 0.02851037056
360.75 0.06707318448 0.0281843814
361.4 0.06583454555 0.02785839656
362.05 0.06459212774 0.02753255447
362.7 0.06334734323 0.02720698972
363.35 0.06210157188 0.02688183302
364 0.06085615823 0.02655721121
364.65 0.0596124086 0.02623324724
365.3 0.05837158858 0.02591006018
365.95 0.05713492063 0.02558776522
366.6 0.05590358205 0.0252664737
367.25 0.05467870319 0.0249462931
367.9 0.05346136584 0.02462732707
368.55 0.05225260197 0.02430967547
369.2 0.05105339268 0.02399343439
369.85 0.04986466742 0.02367869619
370.5 0.04868730343 0.02336554953
371.15 0.04752212544 0.02305407942
371.8 0.04636990553 0.02274436727
372.45 0.04523136333 0.02243649092
373.1 0.04410716626 0.02213052471
373.75 0.04299793013 0.02182653953
374.4 0.04190421974 0.02152460285
375.05 0.04082654982 0.02122477883
375.7 0.03976538596 0.02092712834
376.35 0.03872114579 0.02063170903
377 0.03769420023 0.02033857541
377.65 0.03668487485 0.02004777888
378.3 0.03569345133 0.01975936783
378.95 0.03472016899 0.01947338769
379.6 0.03376522642 0.01918988103
380.25 0.03282878311 0.01890888756
380.9 0.03191096117 0.01863044426
381.55 0.03101184705 0.01835458544
382.2 0.03013149332 0.01808134278
382.85 0.02926992038 0.01781074543
383.5 0.02842711826 0.01754282009
384.15 0.02760304838 0.01727759101
384.8 0.02679764526 0.01701508016
385.45 0.02601081825 0.01675530723
386.1 0.02524245321 0.0164982897
386.75 0.02449241419 0.01624404296
387.4 0.02376054499 0.01599258033
388.05 0.02304667078 0.01574391312
388.7 0.02235059956 0.01549805075
389.35 0.02167212371 0.01525500077
390 0.02101102133 0.01501476894
390.65 0.02036705762 0.0147773593
391.3 0.01973998623 0.01454277421
391.95 0.01912955044 0.01431101445
392.6 0.0185354844 0.01408207924
393.25 0.01795751422 0.01385596634
393.9 0.01739535908 0.01363267207
394.55 0.01684873222 0.01341219139
395.2 0.0163173419 0.01319451796
395.85 0.01580089232 0.0129796442
396.5 0.01529908444 0.0127675613
397.15 0.01481161679 0.01255825934
397.8 0.01433818622 0.01235172729
398.45 0.01387848856 0.01214795309
399.1 0.0134322193 0.01194692367
399.75 0.01299907416 0.01174862505
400.4 0.01257874965 0.01155304232
401.05 0.01217094358 0.01136015974
401.7 0.01177535551 0.01116996076
402.35 0.01139168719 0.01098242807
403 0.01101964296 0.01079754364
403.65 0.01065893009 0.01061528874
404.3 0.01030925908 0.01043564405
404.95 0.009970343992 0.0102585896
405.6 0.009641902667 0.01008410488
406.25 0.009323656977 0.009912168856
406.9 0.009015333019 0.009742759994
407.55 0.008716661296 0.009575856305
408.2 0.008427376866 0.009411435377
408.85 0.008147219479 0.009249474402
409.5 0.007875933685 0.009089950213
410.15 0.007613268926 0.008932839309
410.8 0.007358979615 0.008778117883
411.45 0.00711282519 0.008625761856
412.1 0.006874570157 0.008475746895
412.75 0.006643984123 0.008328048445
413.4 0.006420841805 0.00818264175
414.05 0.006204923045 0.008039501879
414.7 0.00599601279 0.007898603748
415.35 0.005793901089 0.007759922141
416 0.005598383056 0.007623431731
416.65 0.005409258843 0.007489107102
417.3 0.005226333597 0.007356922768
417.95 0.005049417411 0.007226853188
418.6 0.004878325271 0.007098872789
419.25 0.004712876996 0.006972955978
419.9 0.004552897175 0.006849077161
420.55 0.004398215098 0.00672721076
421.2 0.004248664681 0.006607331223
421.85 0.004104084397 0.006489413042
422.5 0.003964317192 0.006373430764
423.15 0.003829210407 0.006259359007
423.8 0.003698615697 0.006147172468
424.45 0.003572388942 0.006036845938
425.1 0.003450390168 0.005928354309
425.75 0.003332483457 0.00582167259
426.4 0.00321853686 0.005716775912
427.05 0.003108422309 0.005613639538
427.7 0.003002015533 0.005512238873
428.35 0.002899195966 0.005412549474
429 0.002799846661 0.005314547053
429.65 0.002703854203 0.005218207487
430.3 0.002611108621 0.005123506827
430.95 0.002521503305 0.005030421301
431.6 0.002434934916 0.004938927319
432.25 0.002351303306 0.004849001485
432.9 0.002270511431 0.004760620595
433.55 0.002192465273 0.004673761645
434.2 0.002117073754 0.004588401838
434.85 0.002044248658 0.004504518581
435.5 0.001973904554 0.004422089498
436.15 0.001905958715 0.004341092426
436.8 0.001840331046 0.004261505421
437.45 0.001776944006 0.004183306762
438.1 0.001715722539 0.004106474952
438.75 0.001656593997 0.004030988721
439.4 0.001599488074 0.003956827026
440.05 0.001544336737 0.003883969058
440.7 0.001491074157 0.003812394238
441.35 0.001439636645 0.003742082221
442 0.001389962587 0.003673012898
442.65 0.001341992384 0.003605166394
443.3 0.001295668386 0.003538523071
443.95 0.001250934837 0.003473063529
444.6 0.001207737817 0.003408768605
445.25 0.001166025181 0.003345619373
445.9 0.001125746509 0.003283597145
446.55 0.001086853049 0.003222683471
447.2 0.001049297667 0.003162860139
447.85 0.001013034797 0.003104109172
448.5 0.0009780203865 0.00304641283
449.15 0.0009442118544 0.00298975361
449.8 0.0009115680414 0.002934114242
450.45 0.0008800491651 0.002879477692
451.1 0.0008496167761 0.002825827158
451.75 0.0008202337151 0.00277314607
452.4 0.0007918640713 0.002721418088
453.05 0.0007644731423 0.002670627104
453.7 0.0007380273948 0.002620757235
454.35 0.0007124944263 0.002571792826
455 0.0006878429289 0.002523718449
455.65 0.0006640426529 0.002476518897
456.3 0.0006410643728 0.002430179185
456.95 0.0006188798529 0.002384684549
457.6 0.0005974618155 0.002340020445
458.25 0.0005767839086 0.002296172542
458.9 0.000556820676 0.002253126727
459.55 0.0005375475271 0.002210869098
460.2 0.0005189407086 0.002169385965
460.85 0.0005009772761 0.002128663845
461.5 0.0004836350678 0.002088689464
462.15 0.000466892678 0.002049449752
462.8 0.0004507294321 0.00201093184
463.45 0.0004351253617 0.001973123063
464.1 0.0004200611816 0.001936010951
464.75 0.0004055182661 0.001899583233
465.4 0.0003914786276 0.00186382783
466.05 0.0003779248943 0.001828732857
466.7 0.0003648402903 0.001794286615
467.35 0.0003522086149 0.001760477598
468 0.0003400142233 0.00172729448
468.65 0.0003282420081 0.001694726121
469.3 0.0003168773804 0.001662761561
469.95 0.0003059062532 0.001631390019
470.6 0.0002953150235 0.001600600889
471.25 0.0002850905563 0.001570383741
471.9 0.0002752201686 0.001540728315
472.55 0.0002656916141 0.001511624522
473.2 0.0002564930681 0.00148306244
473.85 0.0002476131134 0.001455032311
474.5 0.0002390407263 0.001427524541
475.15 0.000230765263 0.001400529697
475.8 0.0002227764469 0.001374038504
476.45 0.0002150643558 0.001348041842
477.1 0.0002076194099 0.001322530749
477.75 0.0002004323603 0.00129749641
478.4 0.0001934942771 0.001272930164
479.05 0.0001867965389 0.001248823494
479.7 0.0001803308223 0.001225168032
480.35 0.0001740890912 0.001201955551
481 0.0001680635874 0.001179177966
481.65 0.0001622468209 0.001156827331
482.3 0.0001566315606 0.001134895838
482.95 0.0001512108255 0.001113375813
483.6 0.0001459778759 0.001092259716
484.25 0.0001409262055 0.001071540138
484.9 0.0001360495329 0.001051209797
485.55 0.0001313417942 0.001031261542
486.2 0.0001267971354 0.001011688343
486.85 0.000122409905 0.0009924832957
487.5 0.0001181746473 0.0009736396167
488.15 0.0001140860953 0.0009551506415
488.8 0.0001101391647 0.0009370098232
489.45 0.0001063289471 0.0009192107305
490.1 0.000102650704 0.0009017470462
490.75 9.909986133e-05 0.0008846125648
491.4 9.567200323e-05 0.0008678011909
492.05 9.236286699e-05 0.0008513069379
492.7 8.916833755e-05 0.0008351239254
493.35 8.608444247e-05 0.0008192463783
494 8.310734696e-05 0.0008036686245
494.65 8.023334916e-05 0.0007883850934
495.3 7.745887552e-05 0.0007733903145
495.95 7.478047634e-05 0.0007586789153
496.6 7.219482153e-05 0.0007442456199
497.25 6.969869644e-05 0.0007300852476
497.9 6.728899785e-05 0.0007161927108
498.55 6.496273016e-05 0.0007025630139
499.2 6.271700162e-05 0.0006891912517
499.85 6.054902074e-05 0.0006760726076
500.5 5.845609283e-05 0.0006632023524
501.15 5.643561666e-05 0.0006505758427
501.8 5.448508117e-05 0.0006381885195
502.45 5.26020624e-05 0.0006260359066
503.1 5.078422044e-05 0.0006141136094
503.75 4.902929654e-05 0.0006024173134
504.4 4.733511027e-05 0.0005909427827
505.05 4.569955682e-05 0.0005796858592
505.7 4.412060437e-05 0.0005686424603
506.35 4.259629159e-05 0.0005578085785
507 4.112472514e-05 0.0005471802797
507.65 3.970407736e-05 0.0005367537018
508.3 3.833258398e-05 0.0005265250539
508.95 3.700854191e-05 0.0005164906144
509.6 3.573030712e-05 0.0005066467305
510.25 3.449629261e-05 0.0004969898165
510.9 3.33049664e-05 0.0004875163528
511.55 3.215484966e-05 0.0004782228846
512.2 3.104451484e-05 0.0004691060212
512.85 2.997258388e-05 0.0004601624342
513.5 2.893772654e-05 0.0004513888569
514.15 2.793865867e-05 0.0004427820831
514.8 2.69741407e-05 0.0004343389658
515.45 2.6042976e-05 0.0004260564165
516.1 2.514400946e-05 0.0004179314039
516.75 2.427612602e-05 0.0004099609529
517.4 2.343824928e-05 0.0004021421439
518.05 2.262934017e-05 0.0003944721113
518.7 2.184839564e-05 0.0003869480428
519.35 2.109444742e-05 0.0003795671787
520 2.036656081e-05 0.0003723268104
520.65 1.966383352e-05 0.00036522428
521.3 1.898539454e-05 0.000358256979
521.95 1.833040304e-05 0.0003514223477
522.6 1.769804737e-05 0.0003447178741
523.25 1.708754398e-05 0.000338141093
523.9 1.649813651e-05 0.0003316895856
524.55 1.592909481e-05 0.0003253609781
525.2 1.537971402e-05 0.0003191529412
525.85 1.484931373e-05 0.0003130631891
526.5 1.433723711e-05 0.000307089479
527.15 1.384285008e-05 0.0003012296099
527.8 1.336554056e-05 0.0002954814223
528.45 1.290471765e-05 0.000289842797
529.1 1.245981095e-05 0.0002843116548
529.75 1.203026981e-05 0.0002788859553
530.4 1.161556267e-05 0.0002735636966
531.05 1.121517638e-05 0.0002683429144
531.7 1.082861558e-05 0.0002632216812
532.35 1.045540205e-05 0.0002581981059
533 1.009507416e-05 0.000253270333
533.65 9.747186261e-06 0.0002484365418
534.3 9.411308141e-06 0.0002436949461
534.95 9.087024491e-06 0.000239043793
535.6 8.773934386e-06 0.000234481363
536.25 8.471650789e-06 0.0002300059689
536.9 8.179800064e-06 0.0002256159551
537.55 7.898021516e-06 0.0002213096977
538.2 7.625966942e-06 0.000217085603
538.85 7.363300194e-06 0.0002129421076
539.5 7.109696765e-06 0.0002088776777
540.15 6.864843382e-06 0.0002048908083
540.8 6.628437619e-06 0.0002009800229
541.45 6.40018752e-06 0.0001971438731
542.1 6.179811237e-06 0.0001933809376
542.75 5.967036676e-06 0.0001896898221
543.4 5.761601164e-06 0.0001860691589
544.05 5.563251119e-06 0.0001825176058
544.7 5.371741734e-06 0.0001790338463
545.35 5.186836677e-06 0.0001756165887
546 5.008307793e-06 0.0001722645658
546.65 4.835934822e-06 0.0001689765345
547.3 4.669505127e-06 0.0001657512752
547.95 4.508813427e-06 0.0001625875913
548.6 4.353661545e-06 0.000159484309
549.25 4.203858159e-06 0.0001564402769
549.9 4.059218567e-06 0.0001534543652
550.55 3.919564454e-06 0.0001505254657
551.2 3.784723676e-06 0.0001476524911
551.85 3.654530042e-06 0.0001448343749
552.5 3.528823108e-06 0.0001420700708
553.15 3.40744798e-06 0.0001393585522
553.8 3.290255122e-06 0.0001366988123
554.45 3.177100166e-06 0.0001340898633
555.1 3.067843738e-06 0.000131530736
555.75 2.962351282e-06 0.0001290204798
556.4 2.860492897e-06 0.0001265581623
557.05 2.762143169e-06 0.0001241428685
557.7 2.667181022e-06 0.0001217737011
558.35 2.575489566e-06 0.0001194497797
559 2.486955949e-06 0.0001171702406
559.65 2.401471221e-06 0.0001149342368
560.3 2.318930199e-06 0.0001127409371
560.95 2.239231332e-06 0.0001105895263
561.6 2.16227658e-06 0.0001084792047
562.25 2.087971293e-06 0.0001064091878
562.9 2.016224087e-06 0.0001043787061
563.55 1.946946738e-06 0.0001023870047
564.2 1.880054072e-06 0.000100433343
564.85 1.815463853e-06 9.851699462e-05
565.5 1.753096689e-06 9.663724702e-05
566.15 1.692875931e-06 9.479340119e-05
566.8 1.634727574e-06 9.298477145e-05
567.45 1.578580173e-06 9.121068521e-05
568.1 1.524364748e-06 8.947048268e-05
568.75 1.472014702e-06 8.776351666e-05
569.4 1.421465738e-06 8.608915228e-05
570.05 1.372655779e-06 8.444676677e-05
570.7 1.32552489e-06 8.283574927e-05
571.35 1.280015207e-06 8.125550053e-05
572 1.236070864e-06 7.970543275e-05
572.65 1.193637923e-06 7.818496934e-05
573.3 1.152664306e-06 7.66935447e-05
573.95 1.113099736e-06 7.523060406e-05
574.6 1.074895668e-06 7.379560317e-05
575.25 1.038005236e-06 7.238800823e-05
575.9 1.002383187e-06 7.100729559e-05
576.55 9.679858342e-07 6.965295161e-05
577.2 9.34770995e-07 6.832447243e-05
577.85 9.026979435e-07 6.702136385e-05
578.5 8.717273588e-07 6.574314107e-05
579.15 8.418212765e-07 6.448932855e-05
579.8 8.12943042e-07 6.325945985e-05
580.45 7.85057265e-07 6.205307742e-05
581.1 7.581297759e-07 6.086973244e-05
581.75 7.321275838e-07 5.970898469e-05
582.4 7.070188356e-07 5.857040232e-05
583.05 6.827727764e-07 5.745356176e-05
583.7 6.593597123e-07 5.635804751e-05
584.35 6.36750973e-07 5.528345201e-05
585 6.14918877e-07 5.422937551e-05
585.65 5.93836697e-07 5.319542586e-05
586.3 5.734786273e-07 5.218121842e-05
586.95 5.538197515e-07 5.118637591e-05
587.6 5.348360126e-07 5.021052823e-05
588.25 5.165041825e-07 4.925331237e-05
588.9 4.988018336e-07 4.831437227e-05
589.55 4.817073117e-07 4.739335864e-05
590.2 4.651997083e-07 4.648992889e-05
590.85 4.492588359e-07 4.560374698e-05
591.5 4.338652023e-07 4.473448327e-05
592.15 4.189999872e-07 4.388181444e-05
592.8 4.046450184e-07 4.304542334e-05
593.45 3.9078275e-07 4.222499889e-05
594.1 3.773962405e-07 4.142023595e-05
594.75 3.64469132e-07 4.06308352e-05
595.4 3.5198563e-07 3.985650308e-05
596.05 3.399304839e-07 3.90969516e-05
596.7 3.282889687e-07 3.835189829e-05
597.35 3.17046866e-07 3.762106609e-05
598 3.061904475e-07 3.690418323e-05
598.65 2.957064574e-07 3.620098313e-05
599.3 2.855820962e-07 3.551120432e-05
599.95 2.758050053e-07 3.483459032e-05
600.6 2.663632514e-07 3.417088954e-05
601.25 2.572453123e-07 3.351985522e-05
601.9 2.48440062e-07 3.288124533e-05
602.55 2.399367578e-07 3.225482243e-05
603.2 2.317250266e-07 3.164035365e-05
603.85 2.237948524e-07 3.103761056e-05
604.5 2.161365637e-07 3.04463691e-05
605.15 2.08740822e-07 2.98664095e-05
605.8 2.015986101e-07 2.929751618e-05
606.45 1.947012211e-07 2.87394777e-05
607.1 1.880402474e-07 2.819208665e-05
607.75 1.816075711e-07 2.765513958e-05
608.4 1.753953531e-07 2.712843696e-05
609.05 1.693960242e-07 2.661178304e-05
609.7 1.636022756e-07 2.610498583e-05
610.35 1.580070498e-07 2.560785701e-05
611 1.526035319e-07 2.512021186e-05
611.65 1.473851415e-07 2.46418692e-05
612.3 1.423455246e-07 2.417265131e-05
612.95 1.374785454e-07 2.371238386e-05
613.6 1.327782793e-07 2.326089586e-05
614.25 1.282390052e-07 2.28180196e-05
614.9 1.23855199e-07 2.238359055e-05
615.55 1.196215261e-07 2.195744737e-05
616.2 1.155328355e-07 2.153943175e-05
616.85 1.115841533e-07 2.112938846e-05
617.5 1.077706764e-07 2.072716521e-05
618.15 1.040877668e-07 2.033261262e-05
618.8 1.00530946e-07 1.994558417e-05
619.45 9.709588936e-08 1.956593616e-05
620.1 9.37784207e-08 1.919352762e-05
620.75 9.057450747e-08 1.882822027e-05
621.4 8.748025563e-08 1.84698785e-05
622.05 8.449190491e-08 1.811836926e-05
622.7 8.16058242e-08 1.777356207e-05
623.35 7.881850715e-08 1.743532893e-05
624 7.612656782e-08 1.71035443e-05
624.65 7.352673658e-08 1.677808503e-05
625.3 7.101585607e-08 1.645883034e-05
625.95 6.859087736e-08 1.614566173e-05
626.6 6.624885625e-08 1.583846299e-05
627.25 6.398694958e-08 1.553712014e-05
627.9 6.180241186e-08 1.524152135e-05
628.55 5.969259182e-08 1.495155695e-05
629.2 5.765492924e-08 1.466711935e-05
629.85 5.568695175e-08 1.438810305e-05
630.5 5.378627188e-08 1.411440452e-05
631.15 5.195058408e-08 1.384592225e-05
631.8 5.017766196e-08 1.358255666e-05
632.45 4.846535551e-08 1.332421005e-05
633.1 4.681158851e-08 1.307078662e-05
633.75 4.521435598e-08 1.282219238e-05
634.4 4.367172175e-08 1.257833515e-05
635.05 4.218181607e-08 1.23391245e-05
635.7 4.074283333e-08 1.210447175e-05
636.35 3.935302987e-08 1.187428989e-05
637 3.801072186e-08 1.164849359e-05
637.65 3.67142832e-08 1.142699915e-05
638.3 3.546214358e-08 1.120972445e-05
638.95 3.425278653e-08 1.099658896e-05
639.6 3.308474762e-08 1.078751369e-05
640.25 3.195661261e-08 1.058242116e-05
640.9 3.086701576e-08 1.038123535e-05
641.55 2.981463816e-08 1.018388172e-05
642.2 2.879820613e-08 9.990287142e-06
642.85 2.781648964e-08 9.800379881e-06
643.5 2.686830083e-08 9.614089581e-06
644.15 2.595249258e-08 9.43134723e-06
644.8 2.506795706e-08 9.252085131e-06
645.45 2.421362443e-08 9.076236884e-06
646.1 2.338846151e-08 8.903737356e-06
646.75 2.259147052e-08 8.734522661e-06
647.4 2.182168789e-08 8.568530132e-06
648.05 2.107818306e-08 8.405698298e-06
648.7 2.036005734e-08 8.245966867e-06
649.35 1.966644285e-08 8.089276695e-06
650 1.899650143e-08 7.93556977e-06
650.65 1.834942365e-08 7.784789188e-06
651.3 1.772442778e-08 7.636879132e-06
651.95 1.712075889e-08 7.491784853e-06
652.6 1.65376879e-08 7.349452645e-06
653.25 1.59745107e-08 7.209829831e-06
653.9 1.543054728e-08 7.072864738e-06
654.55 1.490514094e-08 6.938506683e-06
655.2 1.439765744e-08 6.806705948e-06
655.85 1.390748428e-08 6.677413767e-06
656.5 1.343402992e-08 6.550582305e-06
657.15 1.297672306e-08 6.426164641e-06
657.8 1.253501198e-08 6.304114748e-06
658.45 1.210836384e-08 6.184387482e-06
659.1 1.169626402e-08 6.066938559e-06
659.75 1.129821552e-08 5.951724539e-06
660.4 1.091373838e-08 5.838702816e-06
661.05 1.054236902e-08 5.727831595e-06
661.7 1.018365974e-08 5.61906988e-06
662.35 9.837178186e-09 5.512377456e-06
663 9.502506756e-09 5.407714878e-06
663.65 9.179242159e-09 5.305043456e-06
664.3 8.866994895e-09 5.204325234e-06
664.95 8.565388789e-09 5.105522984e-06
665.6 8.274060532e-09 5.008600189e-06
666.25 7.992659244e-09 4.913521028e-06
666.9 7.720846045e-09 4.820250365e-06
667.55 7.458293643e-09 4.728753733e-06
668.2 7.20468594e-09 4.638997326e-06
668.85 6.959717648e-09 4.550947981e-06
669.5 6.723093915e-09 4.464573168e-06
670.15 6.494529974e-09 4.379840981e-06
670.8 6.27375079e-09 4.296720119e-06
671.45 6.060490733e-09 4.215179881e-06
672.1 5.854493252e-09 4.135190152e-06
672.75 5.655510567e-09 4.056721392e-06
673.4 5.463303365e-09 3.979744622e-06
674.05 5.277640513e-09 3.90423142e-06
674.7 5.098298779e-09 3.830153905e-06
675.35 4.925062557e-09 3.757484727e-06
676 4.757723609e-09 3.686197059e-06
676.65 4.596080814e-09 3.616264586e-06
677.3 4.439939919e-09 3.547661495e-06
677.95 4.289113312e-09 3.480362466e-06
678.6 4.143419787e-09 3.414342662e-06
679.25 4.00268433e-09 3.349577719e-06
679.9 3.866737903e-09 3.286043738e-06
680.55 3.735417243e-09 3.223717278e-06
681.2 3.608564664e-09 3.162575344e-06
681.85 3.486027863e-09 3.102595378e-06
682.5 3.367659739e-09 3.043755256e-06
683.15 3.253318214e-09 2.986033272e-06
683.8 3.142866061e-09 2.929408137e-06
684.45 3.036170739e-09 2.873858968e-06
685.1 2.933104232e-09 2.819365279e-06
685.75 2.833542893e-09 2.765906975e-06
686.4 2.737367296e-09 2.713464346e-06
687.05 2.644462092e-09 2.662018055e-06
687.7 2.55471587e-09 2.611549136e-06
688.35 2.468021019e-09 2.562038985e-06
689 2.384273602e-09 2.513469351e-06
689.65 2.30337323e-09 2.465822333e-06
690.3 2.225222937e-09 2.41908037e-06
690.95 2.149729066e-09 2.373226237e-06
691.6 2.076801157e-09 2.328243035e-06
692.25 2.006351835e-09 2.284114191e-06
692.9 1.938296706e-09 2.240823445e-06
693.55 1.872554255e-09 2.198354849e-06
694.2 1.809045746e-09 2.156692757e-06
694.85 1.747695131e-09 2.115821824e-06
695.5 1.688428953e-09 2.075726995e-06
696.15 1.631176262e-09 2.036393503e-06
696.8 1.575868527e-09 1.997806863e-06
697.45 1.522439554e-09 1.959952866e-06
698.1 1.470825404e-09 1.922817572e-06
698.75 1.42096432e-09 1.886387311e-06
699.4 1.37279665e-09 1.850648668e-06
700.05 1.326264776e-09 1.815588489e-06
700.7 1.281313043e-09 1.781193867e-06
701.35 1.237887694e-09 1.747452142e-06
702 1.195936803e-09 1.714350896e-06
702.65 1.155410214e-09 1.681877948e-06
703.3 1.116259481e-09 1.650021347e-06
703.95 1.078437809e-09 1.618769371e-06
704.6 1.041899997e-09 1.588110523e-06
705.25 1.006602383e-09 1.558033522e-06
705.9 9.725027952e-10 1.528527305e-06
706.55 9.395604956e-10 1.499581016e-06
707.2 9.077361358e-10 1.471184011e-06
707.85 8.769917072e-10 1.443325843e-06
708.5 8.472904958e-10 1.415996269e-06
709.15 8.185970382e-10 1.389185238e-06
709.8 7.908770785e-10 1.362882892e-06
710.45 7.640975277e-10 1.33707956e-06
711.1 7.382264233e-10 1.311765756e-06
711.75 7.132328911e-10 1.286932174e-06
712.4 6.890871084e-10 1.262569685e-06
713.05 6.657602675e-10 1.238669335e-06
713.7 6.432245417e-10 1.21522234e-06
714.35 6.214530513e-10 1.192220082e-06
715 6.004198317e-10 1.16965411e-06
715.65 5.800998022e-10 1.147516131e-06
716.3 5.604687353e-10 1.125798012e-06
716.95 5.415032285e-10 1.104491773e-06
717.6 5.231806753e-10 1.083589588e-06
718.25 5.054792388e-10 1.063083779e-06
718.9 4.883778249e-10 1.042966813e-06
719.55 4.718560573e-10 1.023231303e-06
720.2 4.558942528e-10 1.003870001e-06
720.85 4.404733979e-10 9.848757963e-07
721.5 4.255751261e-10 9.662417154e-07
722.15 4.111816952e-10 9.479609166e-07
722.8 3.972759668e-10 9.300266882e-07
723.45 3.838413853e-10 9.124324468e-07
724.1 3.70861958e-10 8.95171734e-07
724.75 3.583222364e-10 8.782382144e-07
725.4 3.462072968e-10 8.616256731e-07
726.05 3.345027234e-10 8.453280137e-07
726.7 3.231945903e-10 8.293392555e-07
727.35 3.122694451e-10 8.13653532e-07
728 3.017142928e-10 7.982650881e-07
728.65 2.915165798e-10 7.831682783e-07
729.3 2.816641797e-10 7.683575643e-07
729.95 2.721453779e-10 7.538275136e-07
730.6 2.629488582e-10 7.395727967e-07
731.25 2.540636887e-10 7.255881856e-07
731.9 2.454793091e-10 7.11868552e-07
732.55 2.371855181e-10 6.984088647e-07
733.2 2.291724608e-10 6.852041888e-07
733.85 2.214306173e-10 6.722496827e-07
734.5 2.139507909e-10 6.595405973e-07
735.15 2.067240975e-10 6.470722736e-07
735.8 1.997419548e-10 6.348401415e-07
736.45 1.929960719e-10 6.228397174e-07
737.1 1.864784396e-10 6.110666035e-07
737.75 1.801813207e-10 5.995164852e-07
738.4 1.740972406e-10 5.881851302e-07
739.05 1.682189787e-10 5.770683866e-07
739.7 1.625395595e-10 5.661621814e-07
740.35 1.570522445e-10 5.554625193e-07
741 1.517505237e-10 5.449654806e-07
741.65 1.466281084e-10 5.346672205e-07
742.3 1.416789231e-10 5.24563967e-07
742.95 1.368970989e-10 5.146520201e-07
743.6 1.322769657e-10 5.049277499e-07
744.25 1.278130461e-10 4.953875957e-07
744.9 1.235000485e-10 4.860280643e-07
745.55 1.19332861e-10 4.768457291e-07
746.2 1.15306545e-10 4.678372285e-07
746.85 1.114163295e-10 4.589992649e-07
747.5 1.076576056e-10 4.503286033e-07
748.15 1.040259204e-10 4.418220703e-07
748.8 1.005169724e-10 4.334765527e-07
749.45 9.712660591e-11 4.252889965e-07
750.1 9.385080608e-11 4.172564057e-07
750.75 9.068569438e-11 4.093758414e-07
751.4 8.76275238e-11 4.016444205e-07
752.05 8.467267437e-11 3.940593144e-07
752.7 8.181764892e-11 3.866177487e-07
753.35 7.905906886e-11 3.793170013e-07
754 7.639367014e-11 3.721544023e-07
754.65 7.38182994e-11 3.65127332e-07
755.3 7.132991019e-11 3.582332208e-07
755.95 6.892555933e-11 3.514695479e-07
756.6 6.660240342e-11 3.448338402e-07
757.25 6.435769542e-11 3.383236719e-07
757.9 6.218878144e-11 3.31936663e-07
758.55 6.009309749e-11 3.256704788e-07
759.2 5.806816653e-11 3.19522829e-07
759.85 5.61115954e-11 3.134914667e-07
760.5 5.422107209e-11 3.075741878e-07
761.15 5.239436289e-11 3.017688299e-07
761.8 5.06293098e-11 2.960732719e-07
762.45 4.892382791e-11 2.904854327e-07
763.1 4.727590296e-11 2.85003271e-07
763.75 4.568358891e-11 2.796247841e-07
764.4 4.414500564e-11 2.743480073e-07
765.05 4.265833672e-11 2.691710133e-07
765.7 4.122182723e-11 2.640919114e-07
766.35 3.983378168e-11 2.591088468e-07
767 3.849256201e-11 2.542199997e-07
767.65 3.719658562e-11 2.494235853e-07
768.3 3.594432349e-11 2.447178522e-07
768.95 3.473429838e-11 2.401010825e-07
769.6 3.356508307e-11 2.355715909e-07
770.25 3.243529863e-11 2.311277241e-07
770.9 3.134361283e-11 2.267678601e-07
771.55 3.028873852e-11 2.224904077e-07
772.2 2.926943214e-11 2.182938061e-07
772.85 2.828449219e-11 2.141765237e-07
773.5 2.733275785e-11 2.101370585e-07
774.15 2.641310757e-11 2.061739365e-07
774.8 2.552445775e-11 2.022857121e-07
775.45 2.466576148e-11 1.984709668e-07
776.1 2.383600723e-11 1.947283092e-07
776.75 2.303421774e-11 1.910563742e-07
777.4 2.225944876e-11 1.874538228e-07
778.05 2.151078801e-11 1.839193412e-07
778.7 2.078735408e-11 1.804516405e-07
779.35 2.008829534e-11 1.770494564e-07
780 1.941278897e-11 1.737115486e-07
780.65 1.876004e-11 1.704367002e-07
781.3 1.812928032e-11 1.672237175e-07
781.95 1.75197678e-11 1.640714292e-07
782.6 1.693078541e-11 1.609786867e-07
783.25 1.636164034e-11 1.579443626e-07
783.9 1.581166323e-11 1.549673514e-07
784.55 1.528020733e-11 1.520465682e-07
785.2 1.476664776e-11 1.491809489e-07
785.85 1.427038075e-11 1.463694495e-07
786.5 1.379082296e-11 1.436110457e-07
787.15 1.332741075e-11 1.409047329e-07
787.8 1.287959952e-11 1.382495251e-07
788.45 1.244686309e-11 1.356444555e-07
789.1 1.202869304e-11 1.330885754e-07
789.75 1.162459815e-11 1.305809539e-07
790.4 1.123410379e-11 1.281206781e-07
791.05 1.085675136e-11 1.257068522e-07
791.7 1.049209775e-11 1.233385974e-07
792.35 1.013971482e-11 1.210150515e-07
793 9.799188891e-12 1.18735369e-07
793.65 9.470120265e-12 1.164987199e-07
794.3 9.152122733e-12 1.143042903e-07
794.95 8.844823131e-12 1.121512816e-07
795.6 8.547860897e-12 1.100389103e-07
796.25 8.260887642e-12 1.079664079e-07
796.9 7.983566742e-12 1.059330203e-07
797.55 7.715572938e-12 1.039380078e-07
798.2 7.456591951e-12 1.019806446e-07
798.85 7.20632011e-12 1.000602189e-07
799.5 6.964463997e-12 9.817603199e-08
