# Experiment 2c -- minimum of S over the run as a function of
# the delay, for the two realistic parameter sets of Table 1.
# Negative values mean positivity is lost.  The coarse column
# (h = 0.2) is shown to confirm the effect is not a
# discretisation artefact.
tau minS_ebola minS_ebola_coarse minS_covid minS_covid_coarse
0 0.205231387 0.2042703198 0.05680194692 0.05544197679
0.25 0.2027302625 0.2040080712 0.05326474548 0.05507233423
0.5 0.2000659614 0.2013478735 0.04948500904 0.05131661552
0.75 0.1974694688 0.1984050412 0.04578932686 0.0471400332
1 0.1949384409 0.1959408283 0.0421749781 0.04363544689
1.25 0.1924673495 0.1935135395 0.03863454846 0.04017242656
1.5 0.1900530336 0.1909830843 0.03516393729 0.03654334645
1.75 0.1876957031 0.1886628595 0.03176398113 0.03321041877
2 0.1853945634 0.1863895065 0.02843401029 0.02993411
2.25 0.18314649 0.1841634304 0.02516970767 0.02671521301
2.5 0.1809489729 0.1819843967 0.02196741048 0.02355345784
2.75 0.1788014973 0.1797692756 0.01882615701 0.02032064434
3 0.1767032252 0.1776870624 0.01574396778 0.01727571446
3.25 0.1746518142 0.175649056 0.01271551507 0.01428191294
3.5 0.1726452204 0.1735924036 0.009733824306 0.01123731879
3.75 0.1706827894 0.1716426278 0.006788990475 0.008334034537
4 0.1687637213 0.1697338295 0.003853186149 0.005455093751
4.25 0.1668861235 0.1678649707 0.0007377390565 0.002547996417
4.5 0.1650482875 0.1660350192 -0.003316960818 -0.0008612222414
4.75 0.1632495605 0.1641972934 -0.007934150486 -0.005251796598
5 0.1614892137 0.1624437513 -0.01284084846 -0.009924296806
5.25 0.1597656684 0.16072602 -0.01791862459 -0.01482137587
5.5 0.1580774743 0.1590050152 -0.02309647352 -0.01998216021
5.75 0.1564240252 0.1573572377 -0.02832441067 -0.02508998304
6 0.1548046714 0.1557424141 -0.03356670952 -0.03023798183
6.25 0.1532180733 0.1541596551 -0.03879950564 -0.03538940826
6.5 0.1516629872 0.152608098 -0.04400530488 -0.04052427492
6.75 0.1501388668 0.1510561043 -0.04916890997 -0.04574277454
7 0.1486451398 0.1495653131 -0.05427865488 -0.05080355389
7.25 0.1471806565 0.148103265 -0.05932781006 -0.05580929771
7.5 0.145744342 0.1466422731 -0.06431156146 -0.06085521109
7.75 0.1443357118 0.1452361075 -0.06922449005 -0.06573921163
8 0.1429542645 0.1438564502 -0.07406247767 -0.07054986377
8.25 0.1415990057 0.142502605 -0.0788246506 -0.07528873427
8.5 0.1402690004 0.1411738935 -0.08351036987 -0.07995416293
8.75 0.1389638221 0.1398469121 -0.08811806397 -0.08462770103
9 0.1376830333 0.1385670586 -0.09264649739 -0.08914355428
9.25 0.136425768 0.1373104442 -0.09709681686 -0.09358530803
9.5 0.1351912083 0.1360560557 -0.1014702564 -0.09802577675
9.75 0.1339789809 0.1348445744 -0.1057666836 -0.1023151791
10 0.1327887044 0.1336545989 -0.1099860647 -0.1065297112
10.25 0.1316196201 0.132485591 -0.1141304523 -0.1106666707
10.5 0.1304710096 0.1313370278 -0.1182014769 -0.114729713
10.75 0.1293425463 0.1301906617 -0.1221998037 -0.1187959818
11 0.1282338983 0.1290818306 -0.1261259276 -0.1227255361
11.25 0.1271443974 0.1279919673 -0.1299819596 -0.1265795326
11.5 0.1260734097 0.1269044418 -0.1337699071 -0.1304308264
11.75 0.1250206498 0.1258514403 -0.1374904818 -0.1341538198
12 0.1239858288 0.1248160674 -0.141144462 -0.1378048785
12.25 0.1229683557 0.1237978995 -0.1447339684 -0.1413979606
12.5 0.1219676683 0.1227965316 -0.1482610634 -0.1449290048
12.75 0.1209835179 0.1217972423 -0.151726338 -0.1484555751
13 0.1200156526 0.120828543 -0.1551306445 -0.1518583146
13.25 0.1190635473 0.119875493 -0.1584760553 -0.1552110625
13.5 0.1181267018 0.1189245065 -0.1617643955 -0.1585556171
13.75 0.1172048989 0.1180018892 -0.1649963398 -0.1617890084
14 0.1162979189 0.1170938578 -0.168172812 -0.1649748577
14.25 0.1154052937 0.116200092 -0.1712955027 -0.1680969613
14.5 0.1145265764 0.1153202624 -0.1743661799 -0.1711781178
14.75 0.1136615771 0.1144422092 -0.1773855503 -0.1742506018
15 0.1128101043 0.11358952 -0.1803543483 -0.1772239083
15.25 0.1119717387 0.1127498662 -0.1832741858 -0.1801483089
15.5 0.1111460798 0.1119119222 -0.1861466189 -0.1830707706
15.75 0.1103329619 0.1110976432 -0.1889722847 -0.1859035898
16 0.1095322172 0.110295563 -0.1917518489 -0.1886914595
16.25 0.1087434693 0.1095054172 -0.1944868322 -0.1914272495
16.5 0.1079663579 0.1087269505 -0.1971786056 -0.1941319316
16.75 0.1072007381 0.1079499061 -0.1998277999 -0.1968260527
17 0.1064464631 0.1071942041 -0.2024348191 -0.1994385202
17.25 0.1057034034 0.1064499293 -0.2050012518 -0.2020153238
17.5 0.1049894975 0.1057267273 -0.2075281929 -0.2045865259
17.75 0.1043216316 0.1050602524 -0.2100162206 -0.207075237
18 0.1037088186 0.1044460069 -0.2124658722 -0.2095377433
18.25 0.1031615583 0.1038973666 -0.2148783349 -0.2119560694
18.5 0.1026945981 0.103429354 -0.2172547774 -0.2143389108
18.75 0.1023240986 0.1030523733 -0.2195956292 -0.2167199229
19 0.1020717123 0.1027993152 -0.2219014175 -0.2190356545
19.25 0.1019647142 0.1026954839 -0.2241731686 -0.2213154466
19.5 0.1020319577 0.1027611653 -0.2264119652 -0.2235915673
19.75 0.1023174503 0.1030103555 -0.2286182232 -0.2258075188
20 0.1028660173 0.1035720294 -0.2307922974 -0.2279849986
20.25 0.1037403286 0.1044064444 -0.2329351383 -0.2301380648
20.5 0.1050061983 0.1057241772 -0.2350478555 -0.2322584092
20.75 0.106757372 0.1074374542 -0.2371306294 -0.2343751574
21 0.1090757535 0.1097106672 -0.2391838124 -0.236437968
21.25 0.1120889258 0.1126831349 -0.2412083096 -0.2384709673
21.5 0.1159256405 0.1164702111 -0.2432049858 -0.2405026027
21.75 0.1207131236 0.12119329 -0.2451740892 -0.24247388
22 0.1266144983 0.1270507261 -0.2471159159 -0.2444281107
22.25 0.1337384445 0.1342112387 -0.2490311936 -0.2463502486
22.5 0.1422779577 0.1423974818 -0.2509208119 -0.2482443782
22.75 0.1523009813 0.152245633 -0.2527849494 -0.2501422588
23 0.16388059 0.1639291934 -0.25462377 -0.2519901868
23.25 0.177099288 0.1767202273 -0.2564380581 -0.2538134465
23.5 0.1919335526 0.1915647069 -0.2582285283 -0.2556342941
23.75 0.2083347181 0.2083024743 -0.2599953684 -0.2574097658
24 0.2263080059 0.2258623728 -0.2617387318 -0.2591577717
24.25 0.2456087942 0.2449008694 -0.2634594037 -0.2608868161
24.5 0.26622679 0.2652982353 -0.2651579148 -0.26259442
24.75 0.2878946179 0.2871751554 -0.266834533 -0.2642966205
25 0.3104205029 0.3095592732 -0.2684893731 -0.2659625472
25.25 0.3336617561 0.3327786309 -0.2701231452 -0.2676042981
25.5 0.3573671689 0.3560942934 -0.271736446 -0.2692434168
25.75 0.3813449213 0.380131388 -0.2733294129 -0.2708450507
26 0.4055275704 0.4044441205 -0.2749022992 -0.2724267118
26.25 0.4295694572 0.4288617036 -0.2764556547 -0.2739854273
26.5 0.4535206817 0.4520030745 -0.2779900121 -0.2755258808
26.75 0.477117987 0.4754972747 -0.2795056841 -0.2770702348
27 0.5002226411 0.4991035597 -0.2810027177 -0.2785754751
27.25 0.5228163908 0.5222888203 -0.2824816922 -0.2800597086
27.5 0.5447989082 0.5436125876 -0.2839432461 -0.2815473843
27.75 0.566084361 0.5654956295 -0.2853874996 -0.2829965262
28 0.5866903094 0.5856562081 -0.2868145749 -0.2844330031
28.25 0.6065602514 0.6051904832 -0.2882250358 -0.2858502815
28.5 0.6255739813 0.6250847103 -0.2896193593 -0.2872486337
28.75 0.6438822055 0.6431223714 -0.2909977808 -0.2886533102
29 0.6613146517 0.6604204562 -0.2923603609 -0.2900192386
29.25 0.6779801094 0.6770290798 -0.2937076292 -0.2913753082
29.5 0.6939162015 0.693247994 -0.2950400364 -0.2927289368
29.75 0.7090755652 0.7083246955 -0.2963577012 -0.2940543253
30 0.7234796037 0.7227366886 -0.297660797 -0.2953647668
30.25 0.7371778794 0.7364955602 -0.2989497217 -0.2966591315
30.5 0.7501690139 0.7496157865 -0.3002248998 -0.2979376445
30.75 0.762480897 0.761777852 -0.3014864313 -0.2992240966
31 0.7741850245 0.7735820085 -0.3027344196 -0.3004769015
31.25 0.7852834189 0.7848131154 -0.3039692873 -0.301714909
31.5 0.7957447888 0.7949190546 -0.3051913745 -0.3029613424
31.75 0.8056984785 0.8050038316 -0.306400767 -0.3041756572
32 0.8150690094 0.8145859563 -0.3075974968 -0.3053760995
32.25 0.823944846 0.8236862114 -0.3087819571 -0.306565478
32.5 0.8323737026 0.8318255112 -0.3099544687 -0.3077451351
32.75 0.8403410175 0.8397275046 -0.3111150641 -0.3089259508
33 0.847864065 0.8474793209 -0.3122637572 -0.3100783331
33.25 0.8549879381 0.8548357835 -0.3134009266 -0.3112200694
33.5 0.8617301765 0.8613698781 -0.3145268199 -0.3123675522
33.75 0.8681046927 0.8679590683 -0.3156414449 -0.3134874782
34 0.8741456556 0.8738398123 -0.3167448136 -0.3145952741
34.25 0.8798679139 0.8794351208 -0.3178372072 -0.3156910489
34.5 0.8852686062 0.8850983141 -0.318918889 -0.3167783915
34.75 0.8903789938 0.8902355907 -0.3199898302 -0.3178692025
35 0.8952424913 0.8949991482 -0.3210500803 -0.3189352016
35.25 0.8998536109 0.8995338745 -0.322099828 -0.3199898219
35.5 0.9041958142 0.9041047024 -0.323139303 -0.3210471607
35.75 0.9083361841 0.908172565 -0.3241685363 -0.3220800133
36 0.912241909 0.9120473378 -0.3251874464 -0.3231037919
36.25 0.9159496379 0.9157384029 -0.3261962765 -0.3241194045
36.5 0.9194804148 0.9192547203 -0.3271952642 -0.3251242556
36.75 0.9228285196 0.9226785807 -0.3281843475 -0.3261309139
37 0.9260000436 0.9258442614 -0.3291634972 -0.3271154274
37.25 0.9290144937 0.9288624719 -0.3301329187 -0.3280895742
37.5 0.9318807495 0.931741527 -0.3310928364 -0.3290672601
37.75 0.9346032519 0.9344671727 -0.3320431847 -0.3300220935
38 0.9371941452 0.9370686085 -0.3329839396 -0.3309669234
38.25 0.9396607034 0.9395520459 -0.3339152948 -0.3319041844
38.5 0.9420029113 0.9419232829 -0.3348374676 -0.3328329674
38.75 0.9442311801 0.9441077304 -0.3357503671 -0.3337611467
39 0.9463608688 0.9462587153 -0.3366540303 -0.334671603
39.25 0.9483906441 0.9483139375 -0.3375486004 -0.3355725312
39.5 0.9503145389 0.950167229 -0.3384342746 -0.3364730084
39.75 0.952146949 0.9520358265 -0.3393110202 -0.3373563372
40 0.9539054736 0.9538224954 -0.3401787902 -0.3382304676
