# Experiment 3c -- smoothed Italian incidence (density) and the
# best fits: no delay and delay, each at its own inferred
# change point, and delay with the change point at the lockdown.
# Columns *_avg: the same centred 7-day mean as for the data,
# applied to the model curves.
day data ode delay lock ode_avg delay_avg lock_avg
0 2.69107974e-06 1.279631654e-06 1.344622431e-06 1.933147572e-06 1.793429504e-06 1.846302908e-06 2.654407588e-06
1 2.950965945e-06 1.565448853e-06 1.626345386e-06 2.338177291e-06 2.026512746e-06 2.070136869e-06 2.976210994e-06
2 3.129812366e-06 1.93553276e-06 1.986887168e-06 2.856523895e-06 2.298481373e-06 2.328927766e-06 3.348271569e-06
3 4.038416058e-06 2.393104748e-06 2.427356647e-06 3.489781593e-06 2.616291578e-06 2.644384632e-06 3.923736527e-06
4 4.32824307e-06 2.958845715e-06 2.965472715e-06 4.263424621e-06 3.232403161e-06 3.258078899e-06 5.062057651e-06
5 5.221676753e-06 3.658324506e-06 3.62288225e-06 5.208574439e-06 3.996542083e-06 4.022390857e-06 6.567660504e-06
6 6.440866417e-06 4.52315281e-06 4.537125831e-06 7.376526278e-06 4.941310448e-06 4.966878588e-06 8.504983965e-06
7 7.684008727e-06 5.592412733e-06 5.640482298e-06 9.901395442e-06 6.109399264e-06 6.130172269e-06 1.095777377e-05
8 8.977451593e-06 6.914421306e-06 6.976529091e-06 1.287739726e-05 7.553585819e-06 7.56729577e-06 1.413038143e-05
9 1.138948301e-05 8.548911322e-06 8.598301283e-06 1.641778812e-05 9.33911482e-06 9.350537036e-06 1.833834086e-05
10 1.3607498e-05 1.056972646e-05 1.057041242e-05 2.065931024e-05 1.154664066e-05 1.154926953e-05 2.378166399e-05
11 1.709260794e-05 1.30681516e-05 1.302533722e-05 2.647167825e-05 1.427586252e-05 1.426355972e-05 3.083401239e-05
12 1.831658813e-05 1.615702751e-05 1.610557111e-05 3.466429044e-05 1.765001469e-05 1.761340596e-05 3.992296268e-05
13 2.245081478e-05 1.997583366e-05 1.992825327e-05 4.54797882e-05 2.182141205e-05 2.174624263e-05 5.159762569e-05
14 2.695870269e-05 2.469696575e-05 2.464051367e-05 5.926783421e-05 2.697829674e-05 2.685117603e-05 6.670721642e-05
15 3.11959257e-05 3.053348653e-05 3.042545274e-05 7.650004929e-05 3.335328855e-05 3.315868129e-05 8.633002676e-05
16 3.658527098e-05 3.774869284e-05 3.752815801e-05 9.814042916e-05 4.123381031e-05 4.094912205e-05 8.410591748e-05
17 4.161053604e-05 4.666791925e-05 4.630494622e-05 0.0001264264454 5.097494293e-05 5.056941821e-05 8.115105643e-05
18 4.505013595e-05 5.769309434e-05 5.717787403e-05 0.0001638313506 6.301526644e-05 6.244612606e-05 7.726851233e-05
19 5.115566533e-05 7.132067981e-05 7.063865643e-05 1.909552549e-05 7.789636463e-05 7.710783071e-05 7.22592461e-05
20 5.569229642e-05 8.816376201e-05 8.72703264e-05 2.479576082e-05 9.628681688e-05 9.52119685e-05 6.588449784e-05
21 6.209004807e-05 0.0001089792303 0.0001077774686 3.209002556e-05 0.0001190116727 0.0001175685142 5.754071454e-05
22 7.032736292e-05 0.0001347011739 0.0001330573853 4.143518564e-05 0.0001226196749 0.0001451758236 4.30376317e-05
23 7.765687249e-05 0.0001664818586 0.0001642571225 5.351719133e-05 0.0001240690536 0.0001396716361 4.860461636e-05
24 8.237554368e-05 0.0002057419102 0.0002028007664 6.801996227e-05 0.0001229041511 0.0001328684874 5.296510686e-05
25 8.610257535e-05 8.294910926e-05 0.0002504290394 6.230977078e-05 0.0001185611214 0.0001244646693 5.611985783e-05
26 9.022961619e-05 8.14663308e-05 3.210934393e-05 5.806441809e-05 0.0001103426162 0.0001140893647 5.802913926e-05
27 9.263206655e-05 8.000944499e-05 3.964828549e-05 5.531919437e-05 9.738661846e-05 0.0001012810854 5.834659204e-05
28 9.462253141e-05 7.85780218e-05 4.895074229e-05 5.417328232e-05 7.862810587e-05 8.526587326e-05 5.662715695e-05
29 9.455785926e-05 7.71716375e-05 6.043025276e-05 5.480015569e-05 7.722088664e-05 6.135221813e-05 5.569615531e-05
30 9.316142002e-05 7.578987467e-05 7.459916742e-05 5.573936077e-05 7.583830129e-05 6.778058786e-05 5.531568619e-05
31 9.233984428e-05 7.443232207e-05 9.069428154e-05 5.598391661e-05 7.447993848e-05 7.252983501e-05 5.527467917e-05
32 9.056974376e-05 7.309857464e-05 8.303345347e-05 5.579275933e-05 7.3145393e-05 7.559557661e-05 5.536813513e-05
33 8.770500734e-05 7.178823337e-05 7.710793202e-05 5.540113421e-05 7.183426572e-05 7.692388087e-05 5.535546166e-05
34 8.667983411e-05 7.050090531e-05 7.28930156e-05 5.503214526e-05 7.054616354e-05 7.61809175e-05 5.519385684e-05
35 8.312286623e-05 6.923620342e-05 7.041093348e-05 5.482747405e-05 6.928069932e-05 7.30062354e-05 5.497897466e-05
36 7.983177271e-05 6.799374657e-05 6.972838256e-05 5.471144138e-05 6.803749176e-05 7.074192291e-05 5.476856602e-05
37 7.703170844e-05 6.677315944e-05 6.939842384e-05 5.460812705e-05 6.681616544e-05 6.911800584e-05 5.458927767e-05
38 7.487357506e-05 6.557407247e-05 6.847150685e-05 5.447974134e-05 6.561635065e-05 6.789463094e-05 5.443835248e-05
39 7.379331074e-05 6.439612178e-05 6.718326602e-05 5.431989883e-05 6.443768337e-05 6.684498085e-05 5.429348202e-05
40 7.136451247e-05 6.32389491e-05 6.574051251e-05 5.414611577e-05 6.327980522e-05 6.572493585e-05 5.414285291e-05
41 6.909859219e-05 6.210220175e-05 6.432939135e-05 5.397566897e-05 6.214236336e-05 6.448917767e-05 5.398487567e-05
42 6.798718944e-05 6.098553249e-05 6.306338282e-05 5.381338081e-05 6.102501044e-05 6.322406649e-05 5.382293996e-05
43 6.64685917e-05 5.988859953e-05 6.188806755e-05 5.365703761e-05 5.992740451e-05 6.198145066e-05 5.366131088e-05
44 6.620271733e-05 5.881106642e-05 6.07481166e-05 5.350228638e-05 5.884920901e-05 6.078504826e-05 5.350189285e-05
45 6.566617807e-05 5.775260199e-05 5.96157286e-05 5.334619138e-05 5.779009263e-05 5.963344291e-05 5.334425633e-05
46 6.459789007e-05 5.67128803e-05 5.848495523e-05 5.318849523e-05 5.67497293e-05 5.850942083e-05 5.318733834e-05
47 6.443740735e-05 5.569158058e-05 5.736569566e-05 5.303018957e-05 5.572779811e-05 5.740336477e-05 5.303037662e-05
48 6.163734307e-05 5.46883871e-05 5.626815391e-05 5.287221331e-05 5.472398321e-05 5.631319362e-05 5.287319264e-05
49 6.063612248e-05 5.37029892e-05 5.519522829e-05 5.271495489e-05 5.37379738e-05 5.524051975e-05 5.271600319e-05
50 5.953909131e-05 5.273508116e-05 5.414567507e-05 5.255830555e-05 5.276946402e-05 5.418771663e-05 5.2559058e-05
51 5.665758804e-05 5.178436213e-05 5.311691856e-05 5.240199857e-05 5.181815291e-05 5.315574867e-05 5.240247285e-05
52 5.415453657e-05 5.085053611e-05 5.210701154e-05 5.224586522e-05 5.088374434e-05 5.214413248e-05 5.224623787e-05
53 5.200598425e-05 4.993331186e-05 5.111533337e-05 5.208987888e-05 4.996594694e-05 5.11519501e-05 5.209029136e-05
54 5.142393496e-05 4.903240283e-05 5.014191997e-05 5.193409355e-05 4.906447401e-05 5.017841127e-05 5.193458659e-05
55 5.310780595e-05 4.814752711e-05 4.918684055e-05 5.177856844e-05 4.817904354e-05 4.92230332e-05 5.177911295e-05
56 5.037720435e-05 4.727840735e-05 4.824995167e-05 5.162332929e-05 4.730937804e-05 4.828555545e-05 5.162388254e-05
57 4.924663947e-05 4.642477071e-05 4.733090321e-05 5.146837218e-05 4.645520456e-05 4.736575834e-05 5.146891111e-05
58 4.653040945e-05 4.55863488e-05 4.642927206e-05 5.131368307e-05 4.561625457e-05 4.64633744e-05 5.131420727e-05
59 4.479863317e-05 4.476287762e-05 4.554466732e-05 5.115925236e-05 4.479226395e-05 4.557808526e-05 5.115977177e-05
60 4.356028139e-05 4.395409747e-05 4.467675359e-05 5.100507889e-05 4.398297288e-05 4.470955149e-05 5.100560209e-05
61 4.20321026e-05 4.315975292e-05 4.382523242e-05 5.085116661e-05 4.318812581e-05 4.385744165e-05 5.085169638e-05
62 3.89565829e-05 4.237959275e-05 4.298981653e-05 5.069751997e-05 4.240747139e-05 4.302144286e-05 5.069805479e-05
63 3.710264812e-05 4.161336985e-05 4.217021531e-05 5.054414155e-05 4.164076241e-05 4.220125706e-05 5.05446789e-05
64 3.457324874e-05 4.086084123e-05 4.136613432e-05 5.039103218e-05 4.088775575e-05 4.139659409e-05 5.039157059e-05
65 3.347861284e-05 4.012176789e-05 4.057728055e-05 5.023819195e-05 4.014821229e-05 4.060716732e-05 5.023873129e-05
66 3.123904047e-05 3.939591479e-05 3.980336672e-05 5.008562118e-05 3.942189688e-05 3.983269287e-05 5.008616198e-05
67 2.999829342e-05 3.868305082e-05 3.904411274e-05 4.993332067e-05 3.870857829e-05 3.907289071e-05 4.993386342e-05
68 2.915476108e-05 3.798294868e-05 3.829924504e-05 4.97812915e-05 3.83498678e-05 3.869068344e-05 4.985766862e-05
69 2.799058266e-05 3.729538491e-05 3.756849541e-05 4.962953481e-05 3.799548778e-05 3.831336402e-05 4.978156396e-05
70 2.714134161e-05 3.662013972e-05 3.685160019e-05 4.947805162e-05 3.764538103e-05 3.794086334e-05 4.970554965e-05
